('CB2105', {'BetaVector': array([[ 1217.10691388],
       [-2084.96820013],
       [ 1995.10150534],
       [ -178.52431919],
       [  178.78463875]]), 'Variance': array([[ 1.48736330e-05, -1.86226002e-07, -1.11823340e-07,
        -1.11861782e-07, -1.86291418e-07],
       [-1.86226002e-07,  2.13122785e-07, -1.11931311e-07,
        -6.05461869e-08, -2.67771962e-08],
       [-1.11823340e-07, -1.11931311e-07,  2.68543935e-07,
        -8.77387704e-08, -6.05465732e-08],
       [-1.11861782e-07, -6.05461869e-08, -8.77387704e-08,
         2.68540854e-07, -1.11927465e-07],
       [-1.86291418e-07, -2.67771962e-08, -6.05465732e-08,
        -1.11927465e-07,  2.13121471e-07]]), 'ForgettingFactor': 1, 'SSE': array([[8.71756725e+12]]), 'Forecast': array([[-838.85290538]]), 'N': 145629, 'MSE': array([[2.58712228e+08]]), 'N_MSE': 33696, 'LastObservations': [('2023-03-31', 94, 7, 18, 'CB2105', 151390), ('2023-03-31', 95, 13, 19, 'CB2105', 151391), ('2023-03-31', 96, 5, 22, 'CB2105', 151392)]})
('CEE016', {'BetaVector': array([[ 101.66353619],
       [-152.96019473],
       [ 124.60324167],
       [  -0.2843392 ],
       [  19.55094129]]), 'Variance': array([[ 1.20302521e-05, -1.64110488e-07, -9.29218190e-08,
        -9.29167432e-08, -1.64128051e-07],
       [-1.64110488e-07,  1.74474302e-07, -9.97737773e-08,
        -3.42777259e-08, -2.40835185e-08],
       [-9.29218190e-08, -9.97737773e-08,  2.28205967e-07,
        -8.49033387e-08, -3.42776422e-08],
       [-9.29167432e-08, -3.42777259e-08, -8.49033387e-08,
         2.28205082e-07, -9.97729560e-08],
       [-1.64128051e-07, -2.40835185e-08, -3.42776422e-08,
        -9.97729560e-08,  1.74474060e-07]]), 'ForgettingFactor': 1, 'SSE': array([[7.60114643e+10]]), 'Forecast': array([[267.30757818]]), 'N': 145629, 'MSE': array([[2255800.81476819]]), 'N_MSE': 33696, 'LastObservations': [('2023-03-31', 94, 3, 12, 'CEE016', 151390), ('2023-03-31', 95, 0, -1, 'CEE016', 151391), ('2023-03-31', 96, 5, 13, 'CEE016', 151392)]})
