('CB1101', {'BetaVector': array([[  3.39373958],
       [-50.07613399],
       [ 78.58152421],
       [-33.97936038],
       [  4.9151234 ]]), 'Variance': array([[ 7.10985245e-06, -7.33250930e-08,  1.74793099e-08,
         1.74944119e-08, -7.34184208e-08],
       [-7.33250930e-08,  7.13991506e-07, -7.24772051e-07,
        -1.14961229e-07,  1.59486827e-07],
       [ 1.74793099e-08, -7.24772051e-07,  1.41405529e-06,
        -5.82365179e-07, -1.14967647e-07],
       [ 1.74944119e-08, -1.14961229e-07, -5.82365179e-07,
         1.41402096e-06, -7.24740957e-07],
       [-7.34184208e-08,  1.59486827e-07, -1.14967647e-07,
        -7.24740957e-07,  7.13962468e-07]]), 'ForgettingFactor': 1, 'SSE': array([[2.37112434e+09]]), 'Forecast': array([[352.48652882]]), 'N': 145629, 'MSE': array([[70368.12485261]]), 'N_MSE': 33696, 'LastObservations': [('2023-03-31', 94, 17, 19, 'CB1101', 151390), ('2023-03-31', 95, 10, 20, 'CB1101', 151391), ('2023-03-31', 96, 11, 14, 'CB1101', 151392)]})
('CEK18', {'BetaVector': array([[ 48.34134113],
       [  4.52162481],
       [-89.01686527],
       [126.23055391],
       [-46.0147532 ]]), 'Variance': array([[ 9.95594591e-06, -1.90337401e-07,  2.16428387e-08,
         2.16463795e-08, -1.90344835e-07],
       [-1.90337401e-07,  1.91677411e-07, -1.78145157e-07,
        -2.80734877e-08,  3.53297685e-08],
       [ 2.16428387e-08, -1.78145157e-07,  3.50733707e-07,
        -1.46879029e-07, -2.80735229e-08],
       [ 2.16463795e-08, -2.80734877e-08, -1.46879029e-07,
         3.50733424e-07, -1.78144994e-07],
       [-1.90344835e-07,  3.53297685e-08, -2.80735229e-08,
        -1.78144994e-07,  1.91677504e-07]]), 'ForgettingFactor': 1, 'SSE': array([[1.64540772e+10]]), 'Forecast': array([[-175.46495753]]), 'N': 145629, 'MSE': array([[488309.50980771]]), 'N_MSE': 33696, 'LastObservations': [('2023-03-31', 94, 3, 13, 'CEK18', 151390), ('2023-03-31', 95, 1, 11, 'CEK18', 151391), ('2023-03-31', 96, 2, 11, 'CEK18', 151392)]})
('CEV011', {'BetaVector': array([[  343.30147491],
       [-1243.30731404],
       [ 1369.8460881 ],
       [ -273.38815647],
       [   45.57021058]]), 'Variance': array([[ 9.21604548e-06, -2.68477777e-07, -8.15398807e-08,
        -8.15341397e-08, -2.68490296e-07],
       [-2.68477777e-07,  7.33663417e-07, -4.98410565e-07,
        -1.67674443e-07,  1.24228849e-08],
       [-8.15398807e-08, -4.98410565e-07,  1.07204551e-06,
        -3.81663226e-07, -1.67673681e-07],
       [-8.15341397e-08, -1.67674443e-07, -3.81663226e-07,
         1.07204452e-06, -4.98409171e-07],
       [-2.68490296e-07,  1.24228849e-08, -1.67673681e-07,
        -4.98409171e-07,  7.33662039e-07]]), 'ForgettingFactor': 1, 'SSE': array([[9.6022384e+11]]), 'Forecast': array([[-808.86541797]]), 'N': 145629, 'MSE': array([[28496671.41854576]]), 'N_MSE': 33696, 'LastObservations': [('2023-03-31', 94, 0, -1, 'CEV011', 151390), ('2023-03-31', 95, 0, -1, 'CEV011', 151391), ('2023-03-31', 96, 2, 19, 'CEV011', 151392)]})
