('CB1699', {'BetaVector': array([[  97.93936963],
       [-453.47343724],
       [ 409.04287883],
       [ -32.69821109],
       [  55.55734592]]), 'Variance': array([[ 1.00889126e-05, -2.26191640e-07, -1.45116513e-07,
        -1.45147728e-07, -2.26237748e-07],
       [-2.26191640e-07,  7.09655263e-07, -3.58326841e-07,
        -1.95214686e-07, -1.03973916e-07],
       [-1.45116513e-07, -3.58326841e-07,  8.75349417e-07,
        -2.88355474e-07, -1.95215083e-07],
       [-1.45147728e-07, -1.95214686e-07, -2.88355474e-07,
         8.75345394e-07, -3.58321580e-07],
       [-2.26237748e-07, -1.03973916e-07, -1.95215083e-07,
        -3.58321580e-07,  7.09653045e-07]]), 'ForgettingFactor': 1, 'SSE': array([[1.20454777e+11]]), 'Forecast': array([[33.83065869]]), 'N': 145629, 'MSE': array([[3574750.03458739]]), 'N_MSE': 33696, 'LastObservations': [('2023-03-31', 94, 1, 8, 'CB1699', 151390), ('2023-03-31', 95, 4, 19, 'CB1699', 151391), ('2023-03-31', 96, 2, 13, 'CB1699', 151392)]})
('CVT387', {'BetaVector': array([[  42.46575745],
       [-202.64659612],
       [ 195.78523012],
       [ -41.10434464],
       [  32.44131719]]), 'Variance': array([[ 9.23060526e-06, -2.88778569e-07, -1.71501279e-07,
        -1.71498967e-07, -2.88787961e-07],
       [-2.88778569e-07,  9.42665278e-07, -4.90565041e-07,
        -2.31933090e-07, -1.07703935e-07],
       [-1.71501279e-07, -4.90565041e-07,  1.18565043e-06,
        -3.96365413e-07, -2.31932563e-07],
       [-1.71498967e-07, -2.31933090e-07, -3.96365413e-07,
         1.18565016e-06, -4.90564448e-07],
       [-2.88787961e-07, -1.07703935e-07, -2.31932563e-07,
        -4.90564448e-07,  9.42665007e-07]]), 'ForgettingFactor': 1, 'SSE': array([[2.34060844e+10]]), 'Forecast': array([[238.25098757]]), 'N': 145629, 'MSE': array([[694625.01272707]]), 'N_MSE': 33696, 'LastObservations': [('2023-03-31', 94, 1, 23, 'CVT387', 151390), ('2023-03-31', 95, 0, -1, 'CVT387', 151391), ('2023-03-31', 96, 0, -1, 'CVT387', 151392)]})
