('CB1143', {'BetaVector': array([[-1665.1463102 ],
       [  962.28567723],
       [ -996.17247624],
       [  314.85623188],
       [ -161.98411044]]), 'Variance': array([[ 9.81406168e-06, -6.51347132e-08, -3.94413665e-08,
        -3.94423878e-08, -6.51375871e-08],
       [-6.51347132e-08,  2.54003487e-08, -1.46590010e-08,
        -1.47961221e-09, -4.63936237e-09],
       [-3.94413665e-08, -1.46590010e-08,  3.30129442e-08,
        -1.40753363e-08, -1.47960882e-09],
       [-3.94423878e-08, -1.47961221e-09, -1.40753363e-08,
         3.30129497e-08, -1.46589848e-08],
       [-6.51375871e-08, -4.63936237e-09, -1.47960882e-09,
        -1.46589848e-08,  2.54003812e-08]]), 'ForgettingFactor': 1, 'SSE': array([[3.72790256e+12]]), 'Forecast': array([[368.90632154]]), 'N': 145629, 'MSE': array([[1.10633385e+08]]), 'N_MSE': 33696, 'LastObservations': [('2023-03-31', 94, 5, 22, 'CB1143', 151390), ('2023-03-31', 95, 6, 20, 'CB1143', 151391), ('2023-03-31', 96, 4, 27, 'CB1143', 151392)]})
('CEK049', {'BetaVector': array([[ 447.45930246],
       [-333.76791225],
       [ 114.12470623],
       [ 328.87888117],
       [-136.25699552]]), 'Variance': array([[ 1.36341990e-05, -1.70906525e-07, -4.09836035e-08,
        -4.09872206e-08, -1.70930265e-07],
       [-1.70906525e-07,  1.52725306e-07, -1.06874634e-07,
        -4.43782416e-08,  9.23101480e-09],
       [-4.09836035e-08, -1.06874634e-07,  2.26956374e-07,
        -7.31370377e-08, -4.43781668e-08],
       [-4.09872206e-08, -4.43782416e-08, -7.31370377e-08,
         2.26956310e-07, -1.06874381e-07],
       [-1.70930265e-07,  9.23101480e-09, -4.43781668e-08,
        -1.06874381e-07,  1.52725648e-07]]), 'ForgettingFactor': 1, 'SSE': array([[3.488323e+11]]), 'Forecast': array([[347.98022745]]), 'N': 145629, 'MSE': array([[10352335.5957561]]), 'N_MSE': 33696, 'LastObservations': [('2023-03-31', 94, 7, 19, 'CEK049', 151390), ('2023-03-31', 95, 4, 21, 'CEK049', 151391), ('2023-03-31', 96, 4, 22, 'CEK049', 151392)]})
('CEK31', {'BetaVector': array([[  50.96744517],
       [-105.1520709 ],
       [ 131.74050947],
       [ -19.99141364],
       [ -11.61913071]]), 'Variance': array([[ 8.81140883e-06, -1.34292486e-07,  1.93865152e-08,
         1.93901124e-08, -1.34305077e-07],
       [-1.34292486e-07,  2.36517120e-07, -2.19446478e-07,
        -5.24153295e-08,  5.12161463e-08],
       [ 1.93865152e-08, -2.19446478e-07,  4.29034405e-07,
        -1.59463695e-07, -5.24155536e-08],
       [ 1.93901124e-08, -5.24153295e-08, -1.59463695e-07,
         4.29033596e-07, -2.19445917e-07],
       [-1.34305077e-07,  5.12161463e-08, -5.24155536e-08,
        -2.19445917e-07,  2.36517039e-07]]), 'ForgettingFactor': 1, 'SSE': array([[2.45323752e+10]]), 'Forecast': array([[386.31806203]]), 'N': 145629, 'MSE': array([[728050.06988464]]), 'N_MSE': 33696, 'LastObservations': [('2023-03-31', 94, 4, 17, 'CEK31', 151390), ('2023-03-31', 95, 2, 15, 'CEK31', 151391), ('2023-03-31', 96, 4, 20, 'CEK31', 151392)]})
('CJM90', {'BetaVector': array([[ 337.63484857],
       [ -72.71505667],
       [-122.1884278 ],
       [ 289.94374677],
       [-105.19960752]]), 'Variance': array([[ 1.36855507e-05, -1.09801161e-07, -2.94031047e-09,
        -2.95085828e-09, -1.09818278e-07],
       [-1.09801161e-07,  6.27437927e-08, -5.31284631e-08,
        -1.39169617e-08,  7.93315059e-09],
       [-2.94031047e-09, -5.31284631e-08,  1.06727356e-07,
        -3.95844709e-08, -1.39171020e-08],
       [-2.95085828e-09, -1.39169617e-08, -3.95844709e-08,
         1.06727053e-07, -5.31281537e-08],
       [-1.09818278e-07,  7.93315059e-09, -1.39171020e-08,
        -5.31281537e-08,  6.27438717e-08]]), 'ForgettingFactor': 1, 'SSE': array([[3.37375302e+11]]), 'Forecast': array([[1440.46679473]]), 'N': 145629, 'MSE': array([[10012324.97825452]]), 'N_MSE': 33696, 'LastObservations': [('2023-03-31', 94, 12, 19, 'CJM90', 151390), ('2023-03-31', 95, 16, 19, 'CJM90', 151391), ('2023-03-31', 96, 10, 17, 'CJM90', 151392)]})
