('CB1142', {'BetaVector': array([[-914.26293515],
       [ 662.12492661],
       [-931.9134144 ],
       [ 317.70170164]]), 'Variance': array([[ 1.08578700e-05, -1.11831194e-07,  1.88526615e-08,
        -1.11836412e-07],
       [-1.11831194e-07,  7.23876334e-08, -7.56187819e-08,
         8.97004612e-09],
       [ 1.88526615e-08, -7.56187819e-08,  1.50270174e-07,
        -7.56187520e-08],
       [-1.11836412e-07,  8.97004612e-09, -7.56187520e-08,
         7.23876925e-08]]), 'ForgettingFactor': 1, 'SSE': array([[2.39449581e+12]]), 'Forecast': array([[1506.83166453]]), 'N': 145630, 'MSE': array([[71061722.62637495]]), 'N_MSE': 33696, 'LastObservations': [('2023-03-31', 95, 3, 17, 'CB1142', 151391), ('2023-03-31', 96, 6, 20, 'CB1142', 151392)]})
('CB1599', {'BetaVector': array([[-31.50420554],
       [ 58.32544511],
       [-42.71502415],
       [ -9.54454667]]), 'Variance': array([[ 1.18292980e-05, -2.95583411e-07, -2.06948823e-07,
        -2.95609147e-07],
       [-2.95583411e-07,  4.49634328e-07, -2.68468355e-07,
        -1.33625485e-07],
       [-2.06948823e-07, -2.68468355e-07,  5.70220248e-07,
        -2.68467950e-07],
       [-2.95609147e-07, -1.33625485e-07, -2.68467950e-07,
         4.49635485e-07]]), 'ForgettingFactor': 1, 'SSE': array([[2.21262789e+09]]), 'Forecast': array([[-136.02334717]]), 'N': 145630, 'MSE': array([[65664.40803913]]), 'N_MSE': 33696, 'LastObservations': [('2023-03-31', 95, 2, 19, 'CB1599', 151391), ('2023-03-31', 96, 2, 20, 'CB1599', 151392)]})
('CLW239', {'BetaVector': array([[-12.50915952],
       [ 36.10980153],
       [-35.33086972],
       [  2.90666105]]), 'Variance': array([[ 1.09277822e-05, -3.16645656e-07, -2.38603386e-07,
        -3.16645656e-07],
       [-3.16645656e-07,  5.36724253e-07, -3.00512919e-07,
        -1.68228839e-07],
       [-2.38603386e-07, -3.00512919e-07,  6.52252985e-07,
        -3.00512919e-07],
       [-3.16645656e-07, -1.68228839e-07, -3.00512919e-07,
         5.36724253e-07]]), 'ForgettingFactor': 1, 'SSE': array([[7.61856558e+08]]), 'Forecast': array([[-12.50915952]]), 'N': 145630, 'MSE': array([[22609.70318265]]), 'N_MSE': 33696, 'LastObservations': [('2023-03-31', 95, 0, -1, 'CLW239', 151391), ('2023-03-31', 96, 0, -1, 'CLW239', 151392)]})
('COM205', {'BetaVector': array([[  39.34983285],
       [-159.81352892],
       [ 158.56380617],
       [  -2.80134551]]), 'Variance': array([[ 9.99216960e-06, -1.43852562e-07, -1.13500613e-07,
        -1.43861124e-07],
       [-1.43852562e-07,  3.22948412e-07, -1.86309111e-07,
        -1.18172758e-07],
       [-1.13500613e-07, -1.86309111e-07,  3.87188180e-07,
        -1.86308682e-07],
       [-1.43861124e-07, -1.18172758e-07, -1.86308682e-07,
         3.22948305e-07]]), 'ForgettingFactor': 1, 'SSE': array([[3.15022321e+10]]), 'Forecast': array([[-445.69344492]]), 'N': 145630, 'MSE': array([[934895.30142432]]), 'N_MSE': 33696, 'LastObservations': [('2023-03-31', 95, 0, -1, 'COM205', 151391), ('2023-03-31', 96, 2, 13, 'COM205', 151392)]})
