('CB1101', {'BetaVector': array([[ -3.27222207],
       [ 46.58843456],
       [-69.68347685],
       [ 25.59932815]]), 'Variance': array([[ 7.10227171e-06, -5.69525130e-08,  5.68814866e-09,
        -5.70391283e-08],
       [-5.69525130e-08,  6.78339911e-07, -6.99062205e-07,
         4.69272658e-08],
       [ 5.68814866e-09, -6.99062205e-07,  1.39551082e-06,
        -6.99061658e-07],
       [-5.70391283e-08,  4.69272658e-08, -6.99061658e-07,
         6.78337324e-07]]), 'ForgettingFactor': 1, 'SSE': array([[2.02445799e+09]]), 'Forecast': array([[373.48900662]]), 'N': 145630, 'MSE': array([[60080.06844949]]), 'N_MSE': 33696, 'LastObservations': [('2023-03-31', 95, 10, 20, 'CB1101', 151391), ('2023-03-31', 96, 11, 14, 'CB1101', 151392)]})
('CEK18', {'BetaVector': array([[-314.32294008],
       [ 433.59840402],
       [-577.13876334],
       [ 178.86725432]]), 'Variance': array([[ 9.76684376e-06, -1.55255396e-07, -6.23078655e-09,
        -1.55260539e-07],
       [-1.55255396e-07,  1.85165414e-07, -1.72970555e-07,
         4.76197144e-09],
       [-6.23078655e-09, -1.72970555e-07,  3.46621720e-07,
        -1.72970521e-07],
       [-1.55260539e-07,  4.76197144e-09, -1.72970521e-07,
         1.85165536e-07]]), 'ForgettingFactor': 1, 'SSE': array([[3.91181539e+11]]), 'Forecast': array([[767.06801727]]), 'N': 145630, 'MSE': array([[11609138.74695573]]), 'N_MSE': 33696, 'LastObservations': [('2023-03-31', 95, 1, 11, 'CEK18', 151391), ('2023-03-31', 96, 2, 11, 'CEK18', 151392)]})
('CEV011', {'BetaVector': array([[  23.60350864],
       [-109.80233121],
       [ 134.90017716],
       [ -31.13233413]]), 'Variance': array([[ 9.11771523e-06, -2.63926506e-07, -1.42891848e-07,
        -2.63941842e-07],
       [-2.63926506e-07,  7.33452725e-07, -4.95572056e-07,
        -1.59234326e-07],
       [-1.42891848e-07, -4.95572056e-07,  1.03372350e-06,
        -4.95570031e-07],
       [-2.63941842e-07, -1.59234326e-07, -4.95570031e-07,
         7.33451617e-07]]), 'ForgettingFactor': 1, 'SSE': array([[7.69854843e+09]]), 'Forecast': array([[-38.66115961]]), 'N': 145630, 'MSE': array([[228470.69170133]]), 'N_MSE': 33696, 'LastObservations': [('2023-03-31', 95, 0, -1, 'CEV011', 151391), ('2023-03-31', 96, 2, 19, 'CEV011', 151392)]})
