('CB2105', {'BetaVector': array([[  8.23438059],
       [-23.51718751],
       [ 30.65903499],
       [ -6.75482376]]), 'Variance': array([[ 1.47106929e-05, -2.09625474e-07, -1.64764421e-07,
        -2.09686161e-07],
       [-2.09625474e-07,  2.09757974e-07, -1.19537442e-07,
        -7.46099031e-08],
       [-1.64764421e-07, -1.19537442e-07,  2.51340222e-07,
        -1.19534650e-07],
       [-2.09686161e-07, -7.46099031e-08, -1.19534650e-07,
         2.09757084e-07]]), 'ForgettingFactor': 1, 'SSE': array([[1.38747634e+09]]), 'Forecast': array([[208.40740415]]), 'N': 145630, 'MSE': array([[41176.29208803]]), 'N_MSE': 33696, 'LastObservations': [('2023-03-31', 95, 13, 19, 'CB2105', 151391), ('2023-03-31', 96, 5, 22, 'CB2105', 151392)]})
('CEE016', {'BetaVector': array([[-69.65710887],
       [ 76.55009863],
       [-31.55245576],
       [-37.07911576]]), 'Variance': array([[ 1.18757488e-05, -1.86766793e-07, -1.25156878e-07,
        -1.86778785e-07],
       [-1.86766793e-07,  1.71149927e-07, -1.04505207e-07,
        -4.80499265e-08],
       [-1.25156878e-07, -1.04505207e-07,  2.21470766e-07,
        -1.04504497e-07],
       [-1.86778785e-07, -4.80499265e-08, -1.04504497e-07,
         1.71149662e-07]]), 'ForgettingFactor': 1, 'SSE': array([[2.35294235e+10]]), 'Forecast': array([[-25.40239177]]), 'N': 145630, 'MSE': array([[698285.36119903]]), 'N_MSE': 33696, 'LastObservations': [('2023-03-31', 95, 0, -1, 'CEE016', 151391), ('2023-03-31', 96, 5, 13, 'CEE016', 151392)]})
