('CB1699', {'BetaVector': array([[-17.83718108],
       [ 60.9605171 ],
       [-30.56225124],
       [-25.28745264]]), 'Variance': array([[ 1.00167172e-05, -2.59325054e-07, -2.07367312e-07,
        -2.59375227e-07],
       [-2.59325054e-07,  6.94419071e-07, -3.86925446e-07,
        -2.47714789e-07],
       [-2.07367312e-07, -3.86925446e-07,  8.21644948e-07,
        -3.86923176e-07],
       [-2.59375227e-07, -2.47714789e-07, -3.86923176e-07,
         6.94419419e-07]]), 'ForgettingFactor': 1, 'SSE': array([[2.30398822e+09]]), 'Forecast': array([[-129.70057423]]), 'N': 145630, 'MSE': array([[68375.71875258]]), 'N_MSE': 33696, 'LastObservations': [('2023-03-31', 95, 4, 19, 'CB1699', 151391), ('2023-03-31', 96, 2, 13, 'CB1699', 151392)]})
('CVT387', {'BetaVector': array([[-20.79819745],
       [ 72.3584098 ],
       [-38.21679806],
       [-25.04799275]]), 'Variance': array([[ 9.14205649e-06, -3.21779327e-07, -2.42547744e-07,
        -3.21779327e-07],
       [-3.21779327e-07,  9.30359224e-07, -5.17063971e-07,
        -2.87982027e-07],
       [-2.42547744e-07, -5.17063971e-07,  1.12858535e-06,
        -5.17063971e-07],
       [-3.21779327e-07, -2.87982027e-07, -5.17063971e-07,
         9.30359224e-07]]), 'ForgettingFactor': 1, 'SSE': array([[3.24948467e+09]]), 'Forecast': array([[51.56021235]]), 'N': 145630, 'MSE': array([[96435.32382122]]), 'N_MSE': 33696, 'LastObservations': [('2023-03-31', 95, 0, -1, 'CVT387', 151391), ('2023-03-31', 96, 0, -1, 'CVT387', 151392)]})
