('CB1143', {'BetaVector': array([[-796.64179249],
       [ 239.31457245],
       [ -60.06854252],
       [-121.91029414]]), 'Variance': array([[ 9.64694508e-06, -7.70315235e-08, -4.32358984e-08,
        -7.70336033e-08],
       [-7.70315235e-08,  2.45529686e-08, -1.49292493e-08,
        -4.15707121e-09],
       [-4.32358984e-08, -1.49292493e-08,  3.29267545e-08,
        -1.49292415e-08],
       [-7.70336033e-08, -4.15707121e-09, -1.49292415e-08,
         2.45529965e-08]]), 'ForgettingFactor': 1, 'SSE': array([[3.72737193e+11]]), 'Forecast': array([[-448.12136191]]), 'N': 145630, 'MSE': array([[11061763.7995804]]), 'N_MSE': 33696, 'LastObservations': [('2023-03-31', 95, 6, 20, 'CB1143', 151391), ('2023-03-31', 96, 4, 27, 'CB1143', 151392)]})
('CEK049', {'BetaVector': array([[-364.62905697],
       [ 438.30110634],
       [-473.12645505],
       [  58.66015537]]), 'Variance': array([[ 1.34427661e-05, -1.60578993e-07, -9.06472613e-08,
        -1.60598183e-07],
       [-1.60578993e-07,  1.52167254e-07, -1.04192209e-07,
        -3.79184817e-08],
       [-9.06472613e-08, -1.04192209e-07,  2.14061069e-07,
        -1.04192088e-07],
       [-1.60598183e-07, -3.79184817e-08, -1.04192088e-07,
         1.52167681e-07]]), 'ForgettingFactor': 1, 'SSE': array([[4.300969e+11]]), 'Forecast': array([[1045.61348863]]), 'N': 145630, 'MSE': array([[12764034.29795901]]), 'N_MSE': 33696, 'LastObservations': [('2023-03-31', 95, 4, 21, 'CEK049', 151391), ('2023-03-31', 96, 4, 22, 'CEK049', 151392)]})
('CEK31', {'BetaVector': array([[ -36.79063004],
       [  81.30936584],
       [-106.8388055 ],
       [  30.87674044]]), 'Variance': array([[ 8.73508235e-06, -1.05212481e-07, -1.03707924e-08,
        -1.05224048e-07],
       [-1.05212481e-07,  2.25426484e-07, -2.08095945e-07,
        -4.89594797e-09],
       [-1.03707924e-08, -2.08095945e-07,  4.17417664e-07,
        -2.08095741e-07],
       [-1.05224048e-07, -4.89594797e-09, -2.08095741e-07,
         2.25426526e-07]]), 'ForgettingFactor': 1, 'SSE': array([[1.5532581e+10]]), 'Forecast': array([[198.27618409]]), 'N': 145630, 'MSE': array([[460962.16058645]]), 'N_MSE': 33696, 'LastObservations': [('2023-03-31', 95, 2, 15, 'CEK31', 151391), ('2023-03-31', 96, 4, 20, 'CEK31', 151392)]})
('CJM90', {'BetaVector': array([[-541.60592079],
       [ 392.22530156],
       [-463.18093011],
       [  89.86355299]]), 'Variance': array([[ 1.34932200e-05, -9.59133359e-08, -2.73043815e-08,
        -9.59348665e-08],
       [-9.59133359e-08,  6.17406865e-08, -5.13687010e-08,
        -7.19969045e-09],
       [-2.73043815e-08, -5.13687010e-08,  1.03640178e-07,
        -5.13685345e-08],
       [-9.59348665e-08, -7.19969045e-09, -5.13685345e-08,
         6.17408250e-08]]), 'ForgettingFactor': 1, 'SSE': array([[9.65657864e+11]]), 'Forecast': array([[-2347.16165398]]), 'N': 145630, 'MSE': array([[28657937.54786333]]), 'N_MSE': 33696, 'LastObservations': [('2023-03-31', 95, 16, 19, 'CJM90', 151391), ('2023-03-31', 96, 10, 17, 'CJM90', 151392)]})
