('CB1101', {'BetaVector': array([[  7.70890625],
       [-50.1194306 ],
       [ 78.55482005],
       [-33.91320426],
       [  4.84430832],
       [  0.29147421],
       [ -0.37901995],
       [ -1.03472852]]), 'Variance': array([[ 6.33817890e-05, -1.68187994e-07,  6.01161460e-08,
         4.66780958e-08, -2.55680473e-07, -1.58878616e-06,
        -5.04538502e-06, -3.50983522e-06],
       [-1.68187994e-07,  7.15192841e-07, -7.24982228e-07,
        -1.15223608e-07,  1.60357362e-07, -6.21167016e-09,
         8.39447954e-09,  2.23614086e-08],
       [ 6.01161460e-08, -7.24982228e-07,  1.41410777e-06,
        -5.82313995e-07, -1.15188914e-07, -1.99105728e-10,
        -2.30704219e-09, -5.24847520e-09],
       [ 4.66780958e-08, -1.15223608e-07, -5.82313995e-07,
         1.41408005e-06, -7.24954289e-07,  9.22298167e-10,
        -1.97062305e-09, -5.35151994e-09],
       [-2.55680473e-07,  1.60357362e-07, -1.15188914e-07,
        -7.24954289e-07,  7.14895969e-07,  1.14689313e-09,
         9.38541024e-09,  2.21167827e-08],
       [-1.58878616e-06, -6.21167016e-09, -1.99105728e-10,
         9.22298167e-10,  1.14689313e-09,  1.37753273e-07,
        -1.08100342e-09, -2.75683097e-09],
       [-5.04538502e-06,  8.39447954e-09, -2.30704219e-09,
        -1.97062305e-09,  9.38541024e-09, -1.08100342e-09,
         1.65657433e-06,  9.29466335e-09],
       [-3.50983522e-06,  2.23614086e-08, -5.24847520e-09,
        -5.35151994e-09,  2.21167827e-08, -2.75683097e-09,
         9.29466335e-09,  5.41851342e-07]]), 'ForgettingFactor': 1, 'SSE': array([[2.36962598e+09]]), 'Forecast': array([[357.99928335]]), 'N': 151389, 'MSE': array([[15652.66717389]]), 'N_MSE': 151389, 'LastObservations': [('2023-03-31', 94, 17, 19, 'CB1101', 151390, 23, 4, 3), ('2023-03-31', 95, 10, 20, 'CB1101', 151391, 23, 4, 3), ('2023-03-31', 96, 11, 14, 'CB1101', 151392, 24, 4, 3)]})
('CEK18', {'BetaVector': array([[ 140.78388016],
       [-177.944036  ],
       [ 188.50866176],
       [ -49.77356209],
       [  13.82808109],
       [  11.40938474],
       [ -16.79391018],
       [   2.2478835 ]]), 'Variance': array([[ 6.43076400e-05, -7.45541449e-08, -2.34826266e-08,
        -3.81040851e-08, -1.67847939e-07, -1.59031287e-06,
        -5.14976921e-06, -3.27737712e-06],
       [-7.45541449e-08,  8.36124899e-08, -6.00080800e-08,
        -1.09742226e-08,  7.38057306e-10, -5.15427609e-09,
         7.94712796e-09, -1.41884550e-09],
       [-2.34826266e-08, -6.00080800e-08,  1.26647174e-07,
        -5.20437432e-08, -1.09916049e-08, -1.11068912e-09,
         2.17539818e-09, -3.81109023e-10],
       [-3.81040851e-08, -1.09742226e-08, -5.20437432e-08,
         1.26638479e-07, -6.00457965e-08,  1.49868024e-10,
         2.19953095e-09, -3.81235977e-10],
       [-1.67847939e-07,  7.38057306e-10, -1.09916049e-08,
        -6.00457965e-08,  8.34828236e-08,  2.87776333e-09,
         8.10597501e-09, -1.40334972e-09],
       [-1.59031287e-06, -5.15427609e-09, -1.11068912e-09,
         1.49868024e-10,  2.87776333e-09,  1.38140891e-07,
        -1.94434050e-09,  3.28963971e-10],
       [-5.14976921e-06,  7.94712796e-09,  2.17539818e-09,
         2.19953095e-09,  8.10597501e-09, -1.94434050e-09,
         1.66554774e-06, -1.39983429e-09],
       [-3.27737712e-06, -1.41884550e-09, -3.81109023e-10,
        -3.81235977e-10, -1.40334972e-09,  3.28963971e-10,
        -1.39983429e-09,  5.20845391e-07]]), 'ForgettingFactor': 1, 'SSE': array([[5.5298849e+11]]), 'Forecast': array([[541.69763697]]), 'N': 151389, 'MSE': array([[3652789.45793356]]), 'N_MSE': 151389, 'LastObservations': [('2023-03-31', 94, 3, 13, 'CEK18', 151390, 23, 4, 3), ('2023-03-31', 95, 1, 11, 'CEK18', 151391, 23, 4, 3), ('2023-03-31', 96, 2, 11, 'CEK18', 151392, 24, 4, 3)]})
('CEV011', {'BetaVector': array([[  121.78625577],
       [-1246.03494824],
       [ 1369.92679014],
       [ -275.78205685],
       [   49.43894222],
       [   20.91291587],
       [  -34.89081602],
       [   11.20349044]]), 'Variance': array([[ 6.39410300e-05, -1.04419577e-07, -3.26384836e-08,
        -1.22195229e-07, -4.41982750e-07, -1.60907661e-06,
        -5.20350905e-06, -3.23382926e-06],
       [-1.04419577e-07,  7.35609458e-07, -4.97825366e-07,
        -1.67955762e-07,  1.11104924e-08, -1.55902595e-08,
         2.73044045e-08, -8.75079580e-09],
       [-3.26384836e-08, -4.97825366e-07,  1.07222150e-06,
        -3.81747057e-07, -1.68065488e-07, -4.67470416e-09,
         8.35568896e-09, -2.65371511e-09],
       [-1.22195229e-07, -1.67955762e-07, -3.81747057e-07,
         1.07212829e-06, -4.98059309e-07,  3.00924371e-09,
         8.31581613e-09, -2.63884017e-09],
       [-4.41982750e-07,  1.11104924e-08, -1.68065488e-07,
        -4.98059309e-07,  7.35142110e-07,  1.33209235e-08,
         2.72950386e-08, -8.67417094e-09],
       [-1.60907661e-06, -1.55902595e-08, -4.67470416e-09,
         3.00924371e-09,  1.33209235e-08,  1.38138594e-07,
        -1.32961558e-09,  4.10539759e-10],
       [-5.20350905e-06,  2.73044045e-08,  8.35568896e-09,
         8.31581613e-09,  2.72950386e-08, -1.32961558e-09,
         1.67736182e-06, -6.93831480e-09],
       [-3.23382926e-06, -8.75079580e-09, -2.65371511e-09,
        -2.63884017e-09, -8.67417094e-09,  4.10539759e-10,
        -6.93831480e-09,  5.22921818e-07]]), 'ForgettingFactor': 1, 'SSE': array([[1.44693949e+12]]), 'Forecast': array([[-629.41362002]]), 'N': 151389, 'MSE': array([[9557821.53704093]]), 'N_MSE': 151389, 'LastObservations': [('2023-03-31', 94, 0, -1, 'CEV011', 151390, 23, 4, 3), ('2023-03-31', 95, 0, -1, 'CEV011', 151391, 23, 4, 3), ('2023-03-31', 96, 2, 19, 'CEV011', 151392, 24, 4, 3)]})
