('CB02411', {'BetaVector': array([[-103.53965865],
       [ 782.75530279],
       [-993.4902396 ],
       [ 206.98578184],
       [  45.22490566],
       [ -59.05485157],
       [  48.33011217],
       [ -12.31268578]]), 'Variance': array([[ 6.52946299e-05, -2.92489740e-09,  1.08915251e-08,
        -4.08478007e-08, -1.92021391e-07, -1.55828109e-06,
        -5.23881343e-06, -3.24142600e-06],
       [-2.92489740e-09,  8.64359231e-08, -6.33282573e-08,
        -2.14548912e-08,  4.73119410e-09, -1.04386425e-08,
         7.54860188e-09, -1.93754803e-09],
       [ 1.08915251e-08, -6.33282573e-08,  1.32571848e-07,
        -4.64588376e-08, -2.14860828e-08, -3.11375184e-09,
         1.58371314e-09, -3.93011509e-10],
       [-4.08478007e-08, -2.14548912e-08, -4.64588376e-08,
         1.32520762e-07, -6.34836151e-08,  1.56306543e-09,
         1.45023992e-09, -3.38362600e-10],
       [-1.92021391e-07,  4.73119410e-09, -2.14860828e-08,
        -6.34836151e-08,  8.59818999e-08,  6.65697263e-09,
         7.07031989e-09, -1.74667265e-09],
       [-1.55828109e-06, -1.04386425e-08, -3.11375184e-09,
         1.56306543e-09,  6.65697263e-09,  1.41584334e-07,
        -6.43016042e-09,  1.60315956e-09],
       [-5.23881343e-06,  7.54860188e-09,  1.58371314e-09,
         1.45023992e-09,  7.07031989e-09, -6.43016042e-09,
         1.67459435e-06, -4.58636944e-09],
       [-3.24142600e-06, -1.93754803e-09, -3.93011509e-10,
        -3.38362600e-10, -1.74667265e-09,  1.60315956e-09,
        -4.58636944e-09,  5.21804542e-07]]), 'ForgettingFactor': 1, 'SSE': array([[4.65229828e+12]]), 'Forecast': array([[2862.09091258]]), 'N': 151389, 'MSE': array([[30730958.09559444]]), 'N_MSE': 151389, 'LastObservations': [('2023-03-31', 94, 1, 17, 'CB02411', 151390, 23, 4, 3), ('2023-03-31', 95, 5, 19, 'CB02411', 151391, 23, 4, 3), ('2023-03-31', 96, 6, 21, 'CB02411', 151392, 24, 4, 3)]})
