('CB1699', {'BetaVector': array([[ -68.23750974],
       [-456.72709735],
       [ 408.92946854],
       [ -34.73973135],
       [  58.58102857],
       [  13.85799191],
       [  -5.60620614],
       [   4.15284509]]), 'Variance': array([[ 6.24978880e-05,  1.09979376e-07, -4.18155779e-09,
        -1.38374793e-07, -3.50952020e-07, -1.57153902e-06,
        -5.06483147e-06, -3.24597387e-06],
       [ 1.09979376e-07,  7.15059291e-07, -3.56144632e-07,
        -1.95362892e-07, -1.06573704e-07, -2.78483373e-08,
         1.32056019e-08, -9.46619855e-09],
       [-4.18155779e-09, -3.56144632e-07,  8.76230018e-07,
        -2.88417818e-07, -1.96271070e-07, -1.12862411e-08,
         8.80383788e-09, -5.87409668e-09],
       [-1.38374793e-07, -1.95362892e-07, -2.88417818e-07,
         8.75340258e-07, -3.58272343e-07,  6.34852592e-10,
         9.01245500e-09, -5.51668540e-09],
       [-3.50952020e-07, -1.06573704e-07, -1.96271070e-07,
        -3.58272343e-07,  7.10851260e-07,  1.31015136e-08,
         1.40084181e-08, -8.27805766e-09],
       [-1.57153902e-06, -2.78483373e-08, -1.12862411e-08,
         6.34852592e-10,  1.31015136e-08,  1.42138643e-07,
        -6.44575325e-09,  4.20379952e-09],
       [-5.06483147e-06,  1.32056019e-08,  8.80383788e-09,
         9.01245500e-09,  1.40084181e-08, -6.44575325e-09,
         1.66474126e-06, -6.70892742e-09],
       [-3.24597387e-06, -9.46619855e-09, -5.87409668e-09,
        -5.51668540e-09, -8.27805766e-09,  4.20379952e-09,
        -6.70892742e-09,  5.25304084e-07]]), 'ForgettingFactor': 1, 'SSE': array([[1.91631788e+11]]), 'Forecast': array([[184.7935098]]), 'N': 151389, 'MSE': array([[1265832.08424568]]), 'N_MSE': 151389, 'LastObservations': [('2023-03-31', 94, 1, 8, 'CB1699', 151390, 23, 4, 3), ('2023-03-31', 95, 4, 19, 'CB1699', 151391, 23, 4, 3), ('2023-03-31', 96, 2, 13, 'CB1699', 151392, 24, 4, 3)]})
('CVT387', {'BetaVector': array([[  -2.70794532],
       [-203.30631322],
       [ 195.76271499],
       [ -41.55714175],
       [  33.22331985],
       [   3.68892225],
       [  -2.28727455],
       [   1.25060054]]), 'Variance': array([[ 6.28292061e-05, -8.23300851e-09, -6.25660465e-08,
        -1.79662799e-07, -4.15109819e-07, -1.59035444e-06,
        -5.05652615e-06, -3.26041064e-06],
       [-8.23300851e-09,  9.46212418e-07, -4.89278450e-07,
        -2.32322878e-07, -1.09965800e-07, -2.27698715e-08,
         1.55110380e-08, -8.48781759e-09],
       [-6.25660465e-08, -4.89278450e-07,  1.18610803e-06,
        -3.96534879e-07, -2.32818192e-07, -8.51696942e-09,
         9.23957984e-09, -4.99771693e-09],
       [-1.79662799e-07, -2.32322878e-07, -3.96534879e-07,
         1.18560598e-06, -4.90517979e-07,  1.70287193e-09,
         9.06537701e-09, -4.90107303e-09],
       [-4.15109819e-07, -1.09965800e-07, -2.32818192e-07,
        -4.90517979e-07,  9.43637970e-07,  1.26630479e-08,
         1.52253780e-08, -8.16890710e-09],
       [-1.59035444e-06, -2.27698715e-08, -8.51696942e-09,
         1.70287193e-09,  1.26630479e-08,  1.38823839e-07,
        -2.30882438e-09,  1.23801133e-09],
       [-5.05652615e-06,  1.55110380e-08,  9.23957984e-09,
         9.06537701e-09,  1.52253780e-08, -2.30882438e-09,
         1.65988051e-06, -2.85970083e-09],
       [-3.26041064e-06, -8.48781759e-09, -4.99771693e-09,
        -4.90107303e-09, -8.16890710e-09,  1.23801133e-09,
        -2.85970083e-09,  5.22430499e-07]]), 'ForgettingFactor': 1, 'SSE': array([[3.00748662e+10]]), 'Forecast': array([[276.19160722]]), 'N': 151389, 'MSE': array([[198660.83320554]]), 'N_MSE': 151389, 'LastObservations': [('2023-03-31', 94, 1, 23, 'CVT387', 151390, 23, 4, 3), ('2023-03-31', 95, 0, -1, 'CVT387', 151391, 23, 4, 3), ('2023-03-31', 96, 0, -1, 'CVT387', 151392, 24, 4, 3)]})
