('CB2105', {'BetaVector': array([[ -344.16536974],
       [-1245.52404779],
       [ 1203.1509711 ],
       [ -168.00795037],
       [  140.65451504],
       [  106.63598833],
       [  -43.71284101],
       [   22.16098183]]), 'Variance': array([[ 6.39134817e-05,  6.94146456e-08,  9.67188932e-11,
        -1.06600228e-07, -2.78203729e-07, -1.46770205e-06,
        -5.18568369e-06, -3.21133060e-06],
       [ 6.94146456e-08,  2.16052011e-07, -1.09516062e-07,
        -5.99282057e-08, -2.84184585e-08, -2.58364318e-08,
         1.13264247e-08, -5.66035123e-09],
       [ 9.67188932e-11, -1.09516062e-07,  2.67812027e-07,
        -8.73959537e-08, -6.07084759e-08, -1.13121990e-08,
         6.87979153e-09, -3.16893476e-09],
       [-1.06600228e-07, -5.99282057e-08, -8.73959537e-08,
         2.66989172e-07, -1.11400872e-07, -2.50371762e-10,
         6.19241960e-09, -2.57348846e-09],
       [-2.78203729e-07, -2.84184585e-08, -6.07084759e-08,
        -1.11400872e-07,  2.12442037e-07,  1.01836079e-08,
         9.19765108e-09, -3.74007706e-09],
       [-1.46770205e-06, -2.58364318e-08, -1.13121990e-08,
        -2.50371762e-10,  1.01836079e-08,  1.55165177e-07,
        -1.86558860e-08,  8.46936244e-09],
       [-5.18568369e-06,  1.13264247e-08,  6.87979153e-09,
         6.19241960e-09,  9.19765108e-09, -1.86558860e-08,
         1.67643147e-06, -9.70586566e-09],
       [-3.21133060e-06, -5.66035123e-09, -3.16893476e-09,
        -2.57348846e-09, -3.74007706e-09,  8.46936244e-09,
        -9.70586566e-09,  5.25186657e-07]]), 'ForgettingFactor': 1, 'SSE': array([[4.70544635e+12]]), 'Forecast': array([[329.28761527]]), 'N': 151389, 'MSE': array([[31082029.95243313]]), 'N_MSE': 151389, 'LastObservations': [('2023-03-31', 94, 7, 18, 'CB2105', 151390, 23, 4, 3), ('2023-03-31', 95, 13, 19, 'CB2105', 151391, 23, 4, 3), ('2023-03-31', 96, 5, 22, 'CB2105', 151392, 24, 4, 3)]})
('CEE016', {'BetaVector': array([[ -42.68195482],
       [-157.0230785 ],
       [ 127.79123506],
       [  -3.79290591],
       [  22.09770045],
       [  13.35249829],
       [  -6.20990969],
       [   3.1421052 ]]), 'Variance': array([[ 6.30992425e-05,  3.02254428e-08, -1.71533122e-08,
        -7.45825110e-08, -2.11895298e-07, -1.52533881e-06,
        -5.11472004e-06, -3.23865511e-06],
       [ 3.02254428e-08,  1.76529844e-07, -9.89986422e-08,
        -3.41534543e-08, -2.47812478e-08, -1.76652722e-08,
         9.46259603e-09, -4.83463129e-09],
       [-1.71533122e-08, -9.89986422e-08,  2.28496143e-07,
        -8.48621507e-08, -3.45560000e-08, -6.76710583e-09,
         5.31140264e-09, -2.62110705e-09],
       [-7.45825110e-08, -3.41534543e-08, -8.48621507e-08,
         2.28197436e-07, -9.98558750e-08, -1.35022993e-09,
         5.24432595e-09, -2.42225215e-09],
       [-2.11895298e-07, -2.47812478e-08, -3.45560000e-08,
        -9.98558750e-08,  1.74601477e-07,  5.23995566e-09,
         8.95042645e-09, -3.99916254e-09],
       [-1.52533881e-06, -1.76652722e-08, -6.76710583e-09,
        -1.35022993e-09,  5.23995566e-09,  1.46651253e-07,
        -1.10616281e-08,  5.32318583e-09],
       [-5.11472004e-06,  9.46259603e-09,  5.31140264e-09,
         5.24432595e-09,  8.95042645e-09, -1.10616281e-08,
         1.66889210e-06, -6.75561725e-09],
       [-3.23865511e-06, -4.83463129e-09, -2.62110705e-09,
        -2.42225215e-09, -3.99916254e-09,  5.32318583e-09,
        -6.75561725e-09,  5.24070053e-07]]), 'ForgettingFactor': 1, 'SSE': array([[1.02737246e+11]]), 'Forecast': array([[442.18073154]]), 'N': 151389, 'MSE': array([[678635.3366749]]), 'N_MSE': 151389, 'LastObservations': [('2023-03-31', 94, 3, 12, 'CEE016', 151390, 23, 4, 3), ('2023-03-31', 95, 0, -1, 'CEE016', 151391, 23, 4, 3), ('2023-03-31', 96, 5, 13, 'CEE016', 151392, 24, 4, 3)]})
