('CAT17', {'BetaVector': array([[ -15.60298622],
       [-161.45961982],
       [ 163.93428777],
       [  -8.10467001],
       [  -1.14671626],
       [   6.40968835],
       [  -2.60977808],
       [   0.70510051]]), 'Variance': array([[ 6.32238806e-05,  4.32444396e-08,  1.57106687e-08,
        -6.57647705e-08, -2.39109554e-07, -1.59904158e-06,
        -5.05070115e-06, -3.28747126e-06],
       [ 4.32444396e-08,  2.71725186e-07, -1.86598804e-07,
        -7.21650172e-08,  2.74479817e-09, -1.39378527e-08,
         5.22926627e-09, -1.41319276e-09],
       [ 1.57106687e-08, -1.86598804e-07,  3.99824868e-07,
        -1.36370408e-07, -7.22259810e-08, -4.38859975e-09,
         1.64772576e-09, -4.15008457e-10],
       [-6.57647705e-08, -7.21650172e-08, -1.36370408e-07,
         3.99739765e-07, -1.86830538e-07,  2.72105956e-09,
         1.54460441e-09, -3.99503426e-10],
       [-2.39109554e-07,  2.74479817e-09, -7.22259810e-08,
        -1.86830538e-07,  2.71138264e-07,  1.05902433e-08,
         5.25021391e-09, -1.34259805e-09],
       [-1.59904158e-06, -1.39378527e-08, -4.38859975e-09,
         2.72105956e-09,  1.05902433e-08,  1.39381196e-07,
        -1.71816274e-09,  4.37531564e-10],
       [-5.05070115e-06,  5.22926627e-09,  1.64772576e-09,
         1.54460441e-09,  5.25021391e-09, -1.71816274e-09,
         1.65790332e-06, -4.63552235e-10],
       [-3.28747126e-06, -1.41319276e-09, -4.15008457e-10,
        -3.99503426e-10, -1.34259805e-09,  4.37531564e-10,
        -4.63552235e-10,  5.20786874e-07]]), 'ForgettingFactor': 1, 'SSE': array([[6.81557972e+10]]), 'Forecast': array([[-200.93695085]]), 'N': 151389, 'MSE': array([[450206.07416589]]), 'N_MSE': 151389, 'LastObservations': [('2023-03-31', 94, 1, 12, 'CAT17', 151390, 23, 4, 3), ('2023-03-31', 95, 1, 29, 'CAT17', 151391, 23, 4, 3), ('2023-03-31', 96, 2, 18, 'CAT17', 151392, 24, 4, 3)]})
