('CB1143', {'BetaVector': array([[ 176.94621947],
       [-277.29270207],
       [ 166.26662125],
       [   7.43754291],
       [  52.41487091],
       [  60.58164445],
       [ -78.9806714 ],
       [  10.70249876]]), 'Variance': array([[ 6.30909840e-05, -2.58075760e-08, -2.66593740e-08,
        -3.13286592e-08, -7.15056058e-08, -1.52322933e-06,
        -5.20612690e-06, -3.27764171e-06],
       [-2.58075760e-08,  2.54853136e-08, -1.45473209e-08,
        -1.40345402e-09, -4.53741051e-09, -5.02182376e-09,
         7.53290000e-09, -1.02628011e-09],
       [-2.66593740e-08, -1.45473209e-08,  3.29568622e-08,
        -1.40156491e-08, -1.44657000e-09, -2.01229619e-09,
         4.54098784e-09, -6.07617363e-10],
       [-3.13286592e-08, -1.40345402e-09, -1.40156491e-08,
         3.29464787e-08, -1.46073100e-08, -1.58760044e-09,
         4.55063351e-09, -6.03773965e-10],
       [-7.15056058e-08, -4.53741051e-09, -1.44657000e-09,
        -1.46073100e-08,  2.53176795e-08, -8.32926220e-10,
         7.49801478e-09, -9.78481133e-10],
       [-1.52322933e-06, -5.02182376e-09, -2.01229619e-09,
        -1.58760044e-09, -8.32926220e-10,  1.43382996e-07,
        -1.45975972e-08,  1.93490514e-09],
       [-5.20612690e-06,  7.53290000e-09,  4.54098784e-09,
         4.55063351e-09,  7.49801478e-09, -1.45975972e-08,
         1.69050121e-06, -4.20507361e-09],
       [-3.27764171e-06, -1.02628011e-09, -6.07617363e-10,
        -6.03773965e-10, -9.78481133e-10,  1.93490514e-09,
        -4.20507361e-09,  5.21127900e-07]]), 'ForgettingFactor': 1, 'SSE': array([[3.51554129e+12]]), 'Forecast': array([[768.95213183]]), 'N': 151389, 'MSE': array([[23222060.49313689]]), 'N_MSE': 151389, 'LastObservations': [('2023-03-31', 94, 5, 22, 'CB1143', 151390, 23, 4, 3), ('2023-03-31', 95, 6, 20, 'CB1143', 151391, 23, 4, 3), ('2023-03-31', 96, 4, 27, 'CB1143', 151392, 24, 4, 3)]})
('CEK049', {'BetaVector': array([[   8.71238733],
       [-194.802617  ],
       [ 158.49274779],
       [  52.03447744],
       [ -30.41329123],
       [  22.01849302],
       [ -16.23285924],
       [   4.01257163]]), 'Variance': array([[ 6.48658455e-05, -6.90133003e-09,  9.97544985e-09,
        -6.10189966e-08, -2.35485779e-07, -1.47015844e-06,
        -5.28937035e-06, -3.23364961e-06],
       [-6.90133003e-09,  1.45232003e-07, -1.00568377e-07,
        -3.87617344e-08,  6.57184092e-09, -1.74043347e-08,
         1.26734655e-08, -3.24889314e-09],
       [ 9.97544985e-09, -1.00568377e-07,  2.14566749e-07,
        -7.20665890e-08, -3.87641548e-08, -5.44607993e-09,
         3.31444393e-09, -8.18587235e-10],
       [-6.10189966e-08, -3.87617344e-08, -7.20665890e-08,
         2.14385586e-07, -1.01144966e-07,  1.57516480e-09,
         2.96016545e-09, -6.13356885e-10],
       [-2.35485779e-07,  6.57184092e-09, -3.87641548e-08,
        -1.01144966e-07,  1.43396155e-07,  5.10141783e-09,
         1.18746260e-08, -2.60601366e-09],
       [-1.47015844e-06, -1.74043347e-08, -5.44607993e-09,
         1.57516480e-09,  5.10141783e-09,  1.48750456e-07,
        -1.75516221e-08,  4.17934812e-09],
       [-5.28937035e-06,  1.26734655e-08,  3.31444393e-09,
         2.96016545e-09,  1.18746260e-08, -1.75516221e-08,
         1.68698527e-06, -7.21808566e-09],
       [-3.23364961e-06, -3.24889314e-09, -8.18587235e-10,
        -6.13356885e-10, -2.60601366e-09,  4.17934812e-09,
        -7.21808566e-09,  5.22353234e-07]]), 'ForgettingFactor': 1, 'SSE': array([[2.10920855e+11]]), 'Forecast': array([[706.18339205]]), 'N': 151389, 'MSE': array([[1393246.85555833]]), 'N_MSE': 151389, 'LastObservations': [('2023-03-31', 94, 7, 19, 'CEK049', 151390, 23, 4, 3), ('2023-03-31', 95, 4, 21, 'CEK049', 151391, 23, 4, 3), ('2023-03-31', 96, 4, 22, 'CEK049', 151392, 24, 4, 3)]})
('CEK31', {'BetaVector': array([[  16.71156667],
       [-105.54780143],
       [ 132.01294133],
       [ -20.32243717],
       [ -11.35203076],
       [   3.78005695],
       [  -5.34494554],
       [   0.85947166]]), 'Variance': array([[ 6.30602885e-05, -3.96751746e-08,  4.10063535e-08,
        -4.60375660e-10, -2.00518346e-07, -1.57827802e-06,
        -5.14139028e-06, -3.28201773e-06],
       [-3.96751746e-08,  2.37300795e-07, -2.19331593e-07,
        -5.25675722e-08,  5.09681517e-08, -1.03143973e-08,
         1.40210437e-08, -2.27214105e-09],
       [ 4.10063535e-08, -2.19331593e-07,  4.29053592e-07,
        -1.59486478e-07, -5.24630819e-08, -1.60661891e-09,
        -2.00272944e-09,  3.16469119e-10],
       [-4.60375660e-10, -5.25675722e-08, -1.59486478e-07,
         4.29063263e-07, -2.19395539e-07,  2.02269922e-09,
        -2.00123903e-09,  3.34169917e-10],
       [-2.00518346e-07,  5.09681517e-08, -5.24630819e-08,
        -2.19395539e-07,  2.36648654e-07,  3.71655313e-09,
         1.41641210e-08, -2.19108377e-09],
       [-1.57827802e-06, -1.03143973e-08, -1.60661891e-09,
         2.02269922e-09,  3.71655313e-09,  1.39523641e-07,
        -5.39465258e-09,  8.41552166e-10],
       [-5.14139028e-06,  1.40210437e-08, -2.00272944e-09,
        -2.00123903e-09,  1.41641210e-08, -5.39465258e-09,
         1.67442925e-06, -2.57968186e-09],
       [-3.28201773e-06, -2.27214105e-09,  3.16469119e-10,
         3.34169917e-10, -2.19108377e-09,  8.41552166e-10,
        -2.57968186e-09,  5.20992763e-07]]), 'ForgettingFactor': 1, 'SSE': array([[3.31900909e+10]]), 'Forecast': array([[425.08253272]]), 'N': 151389, 'MSE': array([[219238.5849578]]), 'N_MSE': 151389, 'LastObservations': [('2023-03-31', 94, 4, 17, 'CEK31', 151390, 23, 4, 3), ('2023-03-31', 95, 2, 15, 'CEK31', 151391, 23, 4, 3), ('2023-03-31', 96, 4, 20, 'CEK31', 151392, 24, 4, 3)]})
('CJM90', {'BetaVector': array([[  21.41694838],
       [-128.29623885],
       [ 178.2925627 ],
       [ -56.78505052],
       [   1.7515148 ],
       [  14.8383774 ],
       [ -10.60942267],
       [   2.22254481]]), 'Variance': array([[ 6.56633378e-05, -1.15503210e-08,  1.91255993e-08,
        -1.22704715e-08, -1.65483636e-07, -1.49326132e-06,
        -5.28437376e-06, -3.24716738e-06],
       [-1.15503210e-08,  5.90375798e-08, -5.02558700e-08,
        -1.13259431e-08,  6.64623340e-09, -1.03541090e-08,
         7.26666521e-09, -1.50690070e-09],
       [ 1.91255993e-08, -5.02558700e-08,  1.01071550e-07,
        -3.93398671e-08, -1.13204689e-08, -2.05816239e-09,
         2.68963459e-10, -5.17044717e-11],
       [-1.22704715e-08, -1.13259431e-08, -3.93398671e-08,
         1.01048953e-07, -5.03703271e-08,  9.82947095e-10,
         1.27424262e-10, -6.71501506e-12],
       [-1.65483636e-07,  6.64623340e-09, -1.13204689e-08,
        -5.03703271e-08,  5.84497892e-08,  4.51526443e-09,
         6.64992064e-09, -1.25385400e-09],
       [-1.49326132e-06, -1.03541090e-08, -2.05816239e-09,
         9.82947095e-10,  4.51526443e-09,  1.46333304e-07,
        -1.27625306e-08,  2.52378337e-09],
       [-5.28437376e-06,  7.26666521e-09,  2.68963459e-10,
         1.27424262e-10,  6.64992064e-09, -1.27625306e-08,
         1.67987234e-06, -4.48612467e-09],
       [-3.24716738e-06, -1.50690070e-09, -5.17044717e-11,
        -6.71501506e-12, -1.25385400e-09,  2.52378337e-09,
        -4.48612467e-09,  5.21499944e-07]]), 'ForgettingFactor': 1, 'SSE': array([[1.83673781e+11]]), 'Forecast': array([[-205.91430211]]), 'N': 151389, 'MSE': array([[1213265.12525543]]), 'N_MSE': 151389, 'LastObservations': [('2023-03-31', 94, 12, 19, 'CJM90', 151390, 23, 4, 3), ('2023-03-31', 95, 16, 19, 'CJM90', 151391, 23, 4, 3), ('2023-03-31', 96, 10, 17, 'CJM90', 151392, 24, 4, 3)]})
