('CJE181', {'BetaVector': array([[  -26.89002027],
       [-1287.60392209],
       [ 1004.52825636],
       [ -113.65673647],
       [  278.22626201],
       [   17.89072964],
       [  -10.86031949],
       [    6.31748059]]), 'Variance': array([[ 6.27798871e-05, -1.90214945e-08, -1.38916736e-07,
        -3.37247473e-07, -6.06404010e-07, -1.57784673e-06,
        -5.06960275e-06, -3.25146441e-06],
       [-1.90214945e-08,  1.99489642e-06, -7.54420098e-07,
        -5.65311499e-07, -3.87905536e-07, -3.58936053e-08,
         2.61813147e-08, -1.51924596e-08],
       [-1.38916736e-07, -7.54420098e-07,  2.20406699e-06,
        -6.52125570e-07, -5.67586148e-07, -1.83171217e-08,
         2.13706200e-08, -1.21470124e-08],
       [-3.37247473e-07, -5.65311499e-07, -6.52125570e-07,
         2.20168505e-06, -7.59205411e-07, -9.63586384e-10,
         2.15745787e-08, -1.18911804e-08],
       [-6.06404010e-07, -3.87905536e-07, -5.67586148e-07,
        -7.59205411e-07,  1.98744540e-06,  1.55421600e-08,
         2.65872749e-08, -1.44148467e-08],
       [-1.57784673e-06, -3.58936053e-08, -1.83171217e-08,
        -9.63586384e-10,  1.55421600e-08,  1.39492961e-07,
        -3.71618792e-09,  2.08004324e-09],
       [-5.06960275e-06,  2.61813147e-08,  2.13706200e-08,
         2.15745787e-08,  2.65872749e-08, -3.71618792e-09,
         1.66220197e-06, -4.28771887e-09],
       [-3.25146441e-06, -1.51924596e-08, -1.21470124e-08,
        -1.18911804e-08, -1.44148467e-08,  2.08004324e-09,
        -4.28771887e-09,  5.23299809e-07]]), 'ForgettingFactor': 1, 'SSE': array([[5.47401372e+11]]), 'Forecast': array([[-631.37900511]]), 'N': 151389, 'MSE': array([[3615883.50384395]]), 'N_MSE': 151389, 'LastObservations': [('2023-03-31', 94, 0, -1, 'CJE181', 151390, 23, 4, 3), ('2023-03-31', 95, 0, -1, 'CJE181', 151391, 23, 4, 3), ('2023-03-31', 96, 1, 4, 'CJE181', 151392, 24, 4, 3)]})
