('CB1699', {'BetaVector': array([[  -6.22834241],
       [-109.64226485],
       [ 103.28921942],
       [   3.01233709],
       [  -1.8202526 ],
       [   1.28427997]]), 'Variance': array([[ 6.63374844e-05, -8.50369361e-08, -3.30134899e-07,
        -1.62509179e-06, -5.26811120e-06, -3.57372748e-06],
       [-8.50369361e-08,  6.09951530e-07, -5.24288980e-07,
        -2.18969497e-08,  2.19870044e-08, -1.49290924e-08],
       [-3.30134899e-07, -5.24288980e-07,  6.06697441e-07,
        -2.15192895e-10,  2.23229959e-08, -1.43910249e-08],
       [-1.62509179e-06, -2.18969497e-08, -2.15192895e-10,
         1.45855981e-07, -5.81062963e-09,  3.86079070e-09],
       [-5.26811120e-06,  2.19870044e-08,  2.23229959e-08,
        -5.81062963e-09,  1.72978614e-06, -6.20070593e-09],
       [-3.57372748e-06, -1.49290924e-08, -1.43910249e-08,
         3.86079070e-09, -6.20070593e-09,  5.76207995e-07]]), 'ForgettingFactor': 1, 'SSE': array([[1.1440355e+10]]), 'Forecast': array([[-169.35104335]]), 'N': 145631, 'MSE': array([[78557.68052589]]), 'N_MSE': 145631, 'LastObservations': [('2023-03-31', 96, 2, 13, 'CB1699', 151392, 24, 4, 3)]})
('CVT387', {'BetaVector': array([[  3.85367869],
       [-66.86734569],
       [ 60.9601285 ],
       [  1.1411976 ],
       [ -0.96573028],
       [  0.52968961]]), 'Variance': array([[ 6.67247144e-05, -2.30216366e-07, -4.56829768e-07,
        -1.65394176e-06, -5.25443518e-06, -3.59352439e-06],
       [-2.30216366e-07,  8.43543558e-07, -6.76946192e-07,
        -1.57963928e-08,  2.31660230e-08, -1.27630782e-08],
       [-4.56829768e-07, -6.76946192e-07,  8.41907412e-07,
         3.79227549e-09,  2.31136442e-08, -1.26370891e-08],
       [-1.65394176e-06, -1.57963928e-08,  3.79227549e-09,
         1.43307492e-07, -1.66664806e-09,  9.23208411e-10],
       [-5.25443518e-06,  2.31660230e-08,  2.31136442e-08,
        -1.66664806e-09,  1.72456352e-06, -2.01618711e-09],
       [-3.59352439e-06, -1.27630782e-08, -1.26370891e-08,
         9.23208411e-10, -2.01618711e-09,  5.73038943e-07]]), 'ForgettingFactor': 1, 'SSE': array([[3.29170714e+09]]), 'Forecast': array([[28.96856875]]), 'N': 145631, 'MSE': array([[22603.2214855]]), 'N_MSE': 145631, 'LastObservations': [('2023-03-31', 96, 0, -1, 'CVT387', 151392, 24, 4, 3)]})
