('CB1101', {'BetaVector': array([[ 1.20928988],
       [-7.20889017],
       [ 7.9376802 ],
       [ 0.06684152],
       [-0.06365891],
       [-0.19036097]]), 'Variance': array([[ 6.74436578e-05, -1.05578261e-07, -2.26223757e-07,
        -1.65220498e-06, -5.24529768e-06, -3.87726328e-06],
       [-1.05578261e-07,  6.75991708e-07, -6.50301067e-07,
        -7.04339532e-09,  6.00048517e-09,  1.79613922e-08],
       [-2.26223757e-07, -6.50301067e-07,  6.75712355e-07,
         3.10052815e-09,  7.35390977e-09,  1.76328770e-08],
       [-1.65220498e-06, -7.04339532e-09,  3.10052815e-09,
         1.43090245e-07, -1.01715823e-09, -2.74326689e-09],
       [-5.24529768e-06,  6.00048517e-09,  7.35390977e-09,
        -1.01715823e-09,  1.72159434e-06,  1.08309513e-08],
       [-3.87726328e-06,  1.79613922e-08,  1.76328770e-08,
        -2.74326689e-09,  1.08309513e-08,  5.95885729e-07]]), 'ForgettingFactor': 1, 'SSE': array([[66860264.74001102]]), 'Forecast': array([[17.21334829]]), 'N': 145631, 'MSE': array([[459.11051803]]), 'N_MSE': 145631, 'LastObservations': [('2023-03-31', 96, 11, 14, 'CB1101', 151392, 24, 4, 3)]})
('CEK18', {'BetaVector': array([[  3.78264524],
       [-11.24027468],
       [ 11.26539157],
       [  0.52704514],
       [ -0.5654622 ],
       [  0.10118596]]), 'Variance': array([[ 6.83683856e-05, -6.99000830e-08, -2.48260136e-07,
        -1.66230684e-06, -5.34529538e-06, -3.61300669e-06],
       [-6.99000830e-08,  1.85619693e-07, -1.68861438e-07,
        -8.61869258e-09,  9.62979584e-09, -1.74432314e-09],
       [-2.48260136e-07, -1.68861438e-07,  1.85413536e-07,
         6.63882698e-09,  9.91393718e-09, -1.72639998e-09],
       [-1.66230684e-06, -8.61869258e-09,  6.63882698e-09,
         1.43192996e-07, -1.14512438e-09,  2.09800908e-10],
       [-5.34529538e-06,  9.62979584e-09,  9.91393718e-09,
        -1.14512438e-09,  1.72957055e-06, -5.07109179e-10],
       [-3.61300669e-06, -1.74432314e-09, -1.72639998e-09,
         2.09800908e-10, -5.07109179e-10,  5.71454704e-07]]), 'ForgettingFactor': 1, 'SSE': array([[6.04267798e+08]]), 'Forecast': array([[25.76394622]]), 'N': 145631, 'MSE': array([[4149.33597354]]), 'N_MSE': 145631, 'LastObservations': [('2023-03-31', 96, 2, 11, 'CEK18', 151392, 24, 4, 3)]})
('CEV011', {'BetaVector': array([[  34.1273264 ],
       [-274.22141198],
       [ 250.49939468],
       [   4.84480917],
       [  -8.61588361],
       [   2.78269794]]), 'Variance': array([[ 6.79037592e-05, -2.27037764e-07, -4.84147402e-07,
        -1.67727632e-06, -5.40704086e-06, -3.56609191e-06],
       [-2.27037764e-07,  7.00632373e-07, -6.03124990e-07,
        -1.12409058e-08,  3.39978699e-08, -1.09742895e-08],
       [-4.84147402e-07, -6.03124990e-07,  7.00546417e-07,
         1.06320043e-08,  3.41145889e-08, -1.09708181e-08],
       [-1.67727632e-06, -1.12409058e-08,  1.06320043e-08,
         1.42932776e-07, -2.03750867e-10,  7.20863855e-11],
       [-5.40704086e-06,  3.39978699e-08,  3.41145889e-08,
        -2.03750867e-10,  1.74190370e-06, -6.13888542e-09],
       [-3.56609191e-06, -1.09742895e-08, -1.09708181e-08,
         7.20863855e-11, -6.13888542e-09,  5.73563660e-07]]), 'ForgettingFactor': 1, 'SSE': array([[7.54135301e+10]]), 'Forecast': array([[625.28609534]]), 'N': 145631, 'MSE': array([[517843.37056823]]), 'N_MSE': 145631, 'LastObservations': [('2023-03-31', 96, 2, 19, 'CEV011', 151392, 24, 4, 3)]})
