('CB1142', {'BetaVector': array([[ 6.63360495],
       [-8.25783079],
       [ 8.57737792],
       [ 0.81258805],
       [-1.33064298],
       [ 0.16718178]]), 'Variance': array([[ 7.02451288e-05, -4.00457302e-08, -1.84515124e-07,
        -1.64336921e-06, -5.60458027e-06, -3.59095652e-06],
       [-4.00457302e-08,  7.16961404e-08, -6.64528168e-08,
        -7.19479062e-09,  1.02050655e-08, -1.28104766e-09],
       [-1.84515124e-07, -6.64528168e-08,  7.15381918e-08,
         5.32465240e-09,  1.03013103e-08, -1.25756436e-09],
       [-1.64336921e-06, -7.19479062e-09,  5.32465240e-09,
         1.43651018e-07, -3.68661198e-09,  4.62541462e-10],
       [-5.60458027e-06,  1.02050655e-08,  1.03013103e-08,
        -3.68661198e-09,  1.75881722e-06, -3.51090515e-09],
       [-3.59095652e-06, -1.28104766e-09, -1.25756436e-09,
         4.62541462e-10, -3.51090515e-09,  5.71717025e-07]]), 'ForgettingFactor': 1, 'SSE': array([[9.48783958e+08]]), 'Forecast': array([[48.00546682]]), 'N': 145631, 'MSE': array([[6515.0309573]]), 'N_MSE': 145631, 'LastObservations': [('2023-03-31', 96, 6, 20, 'CB1142', 151392, 24, 4, 3)]})
('CB1599', {'BetaVector': array([[  -0.32018763],
       [-109.31235129],
       [ 100.87127355],
       [   4.69148465],
       [  -2.56141662],
       [   1.81570872]]), 'Variance': array([[ 6.74540296e-05, -1.36860354e-07, -3.83959111e-07,
        -1.60297629e-06, -5.30671404e-06, -3.54607031e-06],
       [-1.36860354e-07,  4.13287355e-07, -3.48046945e-07,
        -2.07122848e-08,  1.82161356e-08, -1.25452340e-08],
       [-3.83959111e-07, -3.48046945e-07,  4.10378942e-07,
         1.58508519e-09,  1.80549402e-08, -1.19713811e-08],
       [-1.60297629e-06, -2.07122848e-08,  1.58508519e-09,
         1.45929657e-07, -5.42084044e-09,  3.67963062e-09],
       [-5.30671404e-06,  1.82161356e-08,  1.80549402e-08,
        -5.42084044e-09,  1.72841648e-06, -5.44127445e-09],
       [-3.54607031e-06, -1.25452340e-08, -1.19713811e-08,
         3.67963062e-09, -5.44127445e-09,  5.75804633e-07]]), 'ForgettingFactor': 1, 'SSE': array([[1.8005668e+10]]), 'Forecast': array([[90.5947482]]), 'N': 145631, 'MSE': array([[123639.82728496]]), 'N_MSE': 145631, 'LastObservations': [('2023-03-31', 96, 2, 20, 'CB1599', 151392, 24, 4, 3)]})
('CLW239', {'BetaVector': array([[ -0.26974165],
       [-21.71889414],
       [ 20.63535083],
       [  0.73484915],
       [ -0.21876814],
       [  0.31334499]]), 'Variance': array([[ 6.67185616e-05, -1.41331217e-07, -3.65215531e-07,
        -1.62599641e-06, -5.21356779e-06, -3.56992294e-06],
       [-1.41331217e-07,  4.87033863e-07, -3.94360126e-07,
        -1.96651296e-08,  9.89895235e-09, -1.39443129e-08],
       [-3.65215531e-07, -3.94360126e-07,  4.84371853e-07,
         2.19824060e-10,  9.93754830e-09, -1.35494367e-08],
       [-1.62599641e-06, -1.96651296e-08,  2.19824060e-10,
         1.45035478e-07, -2.09999519e-09,  2.92999874e-09],
       [-5.21356779e-06,  9.89895235e-09,  9.93754830e-09,
        -2.09999519e-09,  1.72025765e-06, -1.45612627e-09],
       [-3.56992294e-06, -1.39443129e-08, -1.35494367e-08,
         2.92999874e-09, -1.45612627e-09,  5.75230825e-07]]), 'ForgettingFactor': 1, 'SSE': array([[5.80365856e+08]]), 'Forecast': array([[17.43160032]]), 'N': 145631, 'MSE': array([[3985.20810196]]), 'N_MSE': 145631, 'LastObservations': [('2023-03-31', 96, 0, -1, 'CLW239', 151392, 24, 4, 3)]})
('COM205', {'BetaVector': array([[-140.54695473],
       [-530.80387346],
       [ 508.23700917],
       [  25.21842382],
       [   3.51948143],
       [   2.71019244]]), 'Variance': array([[ 6.63270557e-05,  2.39655981e-09, -2.27705294e-07,
        -1.63816877e-06, -5.12975103e-06, -3.62024158e-06],
       [ 2.39655981e-09,  2.81294291e-07, -2.54998930e-07,
        -1.50715078e-08, -3.62595021e-09, -3.02284912e-09],
       [-2.27705294e-07, -2.54998930e-07,  2.79910785e-07,
         5.16830685e-09, -2.93865468e-09, -2.86711795e-09],
       [-1.63816877e-06, -1.50715078e-08,  5.16830685e-09,
         1.45035009e-07,  1.28684904e-09,  1.14261281e-09],
       [-5.12975103e-06, -3.62595021e-09, -2.93865468e-09,
         1.28684904e-09,  1.71894549e-06,  2.28429703e-09],
       [-3.62024158e-06, -3.02284912e-09, -2.86711795e-09,
         1.14261281e-09,  2.28429703e-09,  5.71770555e-07]]), 'ForgettingFactor': 1, 'SSE': array([[5.74939273e+11]]), 'Forecast': array([[1503.37773841]]), 'N': 145631, 'MSE': array([[3947945.29620055]]), 'N_MSE': 145631, 'LastObservations': [('2023-03-31', 96, 2, 13, 'COM205', 151392, 24, 4, 3)]})
