('CB2105', {'BetaVector': array([[-11.79481296],
       [-80.25012981],
       [ 75.76006712],
       [  7.24137997],
       [ -3.61529828],
       [  1.76871369]]), 'Variance': array([[ 6.78939117e-05, -7.53626626e-08, -2.70425380e-07,
        -1.50280468e-06, -5.40140566e-06, -3.53471433e-06],
       [-7.53626626e-08,  1.86598921e-07, -1.61514859e-07,
        -2.22557945e-08,  1.71658968e-08, -8.06662677e-09],
       [-2.70425380e-07, -1.61514859e-07,  1.83474346e-07,
        -2.27469127e-09,  1.58406061e-08, -7.09351961e-09],
       [-1.50280468e-06, -2.22557945e-08, -2.27469127e-09,
         1.56024682e-07, -1.71802352e-08,  7.90783076e-09],
       [-5.40140566e-06,  1.71658968e-08,  1.58406061e-08,
        -1.71802352e-08,  1.74126266e-06, -9.10741887e-09],
       [-3.53471433e-06, -8.06662677e-09, -7.09351961e-09,
         7.90783076e-09, -9.10741887e-09,  5.75978553e-07]]), 'ForgettingFactor': 1, 'SSE': array([[2.01905651e+10]]), 'Forecast': array([[-511.60809774]]), 'N': 145631, 'MSE': array([[138642.89717445]]), 'N_MSE': 145631, 'LastObservations': [('2023-03-31', 96, 5, 22, 'CB2105', 151392, 24, 4, 3)]})
('CEE016', {'BetaVector': array([[  -0.85168198],
       [-149.30227028],
       [ 136.84931085],
       [  11.48176491],
       [  -7.28610514],
       [   3.62919832]]), 'Variance': array([[ 6.70482570e-05, -7.56277942e-08, -2.19403482e-07,
        -1.57617836e-06, -5.32277967e-06, -3.56738521e-06],
       [-7.56277942e-08,  1.59471457e-07, -1.33435086e-07,
        -1.56575450e-08,  1.41655212e-08, -6.95550241e-09],
       [-2.19403482e-07, -1.33435086e-07,  1.57873546e-07,
        -2.22613544e-09,  1.39077942e-08, -6.52148356e-09],
       [-1.57617836e-06, -1.56575450e-08, -2.22613544e-09,
         1.49367076e-07, -9.92494612e-09,  4.77876628e-09],
       [-5.32277967e-06,  1.41655212e-08,  1.39077942e-08,
        -9.92494612e-09,  1.73371831e-06, -5.96645859e-09],
       [-3.56738521e-06, -6.95550241e-09, -6.52148356e-09,
         4.77876628e-09, -5.96645859e-09,  5.74691488e-07]]), 'ForgettingFactor': 1, 'SSE': array([[9.39974802e+10]]), 'Forecast': array([[940.70040441]]), 'N': 145631, 'MSE': array([[645454.09733664]]), 'N_MSE': 145631, 'LastObservations': [('2023-03-31', 96, 5, 13, 'CEE016', 151392, 24, 4, 3)]})
