('CAT17', {'BetaVector': array([[-12.03331573],
       [-91.56298083],
       [ 88.38947772],
       [  3.87589598],
       [ -1.44554578],
       [  0.35572018]]), 'Variance': array([[ 6.71703720e-05, -2.62675626e-08, -2.38800814e-07,
        -1.65643923e-06, -5.25197184e-06, -3.62348010e-06],
       [-2.62675626e-08,  2.53481213e-07, -2.34148956e-07,
        -1.09742045e-08,  6.71519980e-09, -1.65338611e-09],
       [-2.38800814e-07, -2.34148956e-07,  2.53022817e-07,
         7.37787351e-09,  6.74809514e-09, -1.61527531e-09],
       [-1.65643923e-06, -1.09742045e-08,  7.37787351e-09,
         1.43429799e-07, -1.25586250e-09,  3.11245619e-10],
       [-5.25197184e-06,  6.71519980e-09,  6.74809514e-09,
        -1.25586250e-09,  1.72284800e-06,  3.77393119e-10],
       [-3.62348010e-06, -1.65338611e-09, -1.61527531e-09,
         3.11245619e-10,  3.77393119e-10,  5.71372723e-07]]), 'ForgettingFactor': 1, 'SSE': array([[2.18844207e+10]]), 'Forecast': array([[161.48913988]]), 'N': 145631, 'MSE': array([[150274.12397224]]), 'N_MSE': 145631, 'LastObservations': [('2023-03-31', 96, 2, 18, 'CAT17', 151392, 24, 4, 3)]})
