('CB02411', {'BetaVector': array([[-12.36370757],
       [-78.90215207],
       [ 75.48575805],
       [  8.60214794],
       [ -5.23882494],
       [  1.42600373]]), 'Variance': array([[ 6.93025324e-05, -3.55197231e-08, -1.99119590e-07,
        -1.61709752e-06, -5.44136498e-06, -3.57054283e-06],
       [-3.55197231e-08,  8.47180323e-08, -7.75087310e-08,
        -9.31676124e-09,  8.61092117e-09, -2.32254107e-09],
       [-1.99119590e-07, -7.75087310e-08,  8.43110678e-08,
         5.26518014e-09,  8.27436946e-09, -2.19281303e-09],
       [-1.61709752e-06, -9.31676124e-09,  5.26518014e-09,
         1.44564598e-07, -4.86787094e-09,  1.30917689e-09],
       [-5.44136498e-06,  8.61092117e-09,  8.27436946e-09,
        -4.86787094e-09,  1.73845206e-06, -3.91218727e-09],
       [-3.57054283e-06, -2.32254107e-09, -2.19281303e-09,
         1.30917689e-09, -3.91218727e-09,  5.72548184e-07]]), 'ForgettingFactor': 1, 'SSE': array([[5.16937674e+10]]), 'Forecast': array([[235.81434236]]), 'N': 145631, 'MSE': array([[354966.47238491]]), 'N_MSE': 145631, 'LastObservations': [('2023-03-31', 96, 6, 21, 'CB02411', 151392, 24, 4, 3)]})
