('CB1143', {'BetaVector': array([[-4.35213438],
       [ 1.52387432],
       [-0.39330822],
       [ 0.81367123],
       [-0.10775632]]), 'Variance': array([[ 6.28565956e-05, -1.24435644e-07, -1.54800219e-06,
        -5.15893454e-06, -3.28406798e-06],
       [-1.24435644e-07,  1.13840487e-08, -5.98550159e-09,
         1.76999468e-08, -2.34923007e-09],
       [-1.54800219e-06, -5.98550159e-09,  1.40460654e-07,
        -9.30707363e-09,  1.23464345e-09],
       [-5.15893454e-06,  1.76999468e-08, -9.30707363e-09,
         1.68069524e-06, -2.88153457e-09],
       [-3.28406798e-06, -2.34923007e-09,  1.23464345e-09,
        -2.88153457e-09,  5.20923354e-07]]), 'ForgettingFactor': 1, 'SSE': array([[1.60977182e+08]]), 'Forecast': array([[-4.76461832]]), 'N': 151392, 'MSE': array([[1063.32068299]]), 'N_MSE': 151392, 'LastObservations': []})
('CEK049', {'BetaVector': array([[-0.42087496],
       [ 1.11650375],
       [-0.13422464],
       [ 0.12504214],
       [-0.02994183]]), 'Variance': array([[ 6.48392540e-05, -2.87258447e-07, -1.47683431e-06,
        -5.28285238e-06, -3.23533865e-06],
       [-2.87258447e-07,  2.46849170e-08, -1.17378686e-08,
         2.72742637e-08, -6.39409175e-09],
       [-1.47683431e-06, -1.17378686e-08,  1.42895046e-07,
        -1.29699241e-08,  3.03990599e-09],
       [-5.28285238e-06,  2.72742637e-08, -1.29699241e-08,
         1.68331054e-06, -6.29375172e-09],
       [-3.23533865e-06, -6.39409175e-09,  3.03990599e-09,
        -6.29375172e-09,  5.22094813e-07]]), 'ForgettingFactor': 1, 'SSE': array([[10153502.77633978]]), 'Forecast': array([[1.23409175]]), 'N': 151392, 'MSE': array([[67.0680739]]), 'N_MSE': 151392, 'LastObservations': []})
('CEK31', {'BetaVector': array([[-0.01304274],
       [ 1.06129017],
       [-0.05016451],
       [ 0.05234776],
       [-0.00843232]]), 'Variance': array([[ 6.30532454e-05, -1.96848546e-07, -1.57999442e-06,
        -5.13899207e-06, -3.28247884e-06],
       [-1.96848546e-07,  2.48900844e-08, -4.22742547e-09,
         2.19416692e-08, -3.44782680e-09],
       [-1.57999442e-06, -4.22742547e-09,  1.38031600e-07,
        -3.72745670e-09,  5.85057854e-10],
       [-5.13899207e-06,  2.19416692e-08, -3.72745670e-09,
         1.67251783e-06, -2.26835205e-09],
       [-3.28247884e-06, -3.44782680e-09,  5.85057854e-10,
        -2.26835205e-09,  5.20916163e-07]]), 'ForgettingFactor': 1, 'SSE': array([[4981261.22845225]]), 'Forecast': array([[3.2122637]]), 'N': 151392, 'MSE': array([[32.90328506]]), 'N_MSE': 151392, 'LastObservations': []})
('CJM90', {'BetaVector': array([[ 0.00477286],
       [ 1.07397164],
       [-0.20582235],
       [ 0.13461036],
       [-0.02718284]]), 'Variance': array([[ 6.56584714e-05, -1.69505466e-07, -1.49467786e-06,
        -5.28316797e-06, -3.24751085e-06],
       [-1.69505466e-07,  6.90336238e-09, -4.83627295e-09,
         1.29390606e-08, -2.53464813e-09],
       [-1.49467786e-06, -4.83627295e-09,  1.40701735e-07,
        -9.06548956e-09,  1.77515869e-09],
       [-5.28316797e-06,  1.29390606e-08, -9.06548956e-09,
         1.67742717e-06, -3.97966941e-09],
       [-3.24751085e-06, -2.53464813e-09,  1.77515869e-09,
        -3.97966941e-09,  5.21369188e-07]]), 'ForgettingFactor': 1, 'SSE': array([[22189831.74720915]]), 'Forecast': array([[6.26164584]]), 'N': 151392, 'MSE': array([[146.57299144]]), 'N_MSE': 151392, 'LastObservations': []})
