('CB1142', {'BetaVector': array([[-0.4938753 ],
       [ 1.07762195],
       [-0.10960486],
       [ 0.14812313],
       [-0.01902812]]), 'Variance': array([[ 6.60003732e-05, -2.09471234e-07, -1.58620853e-06,
        -5.37084052e-06, -3.25821978e-06],
       [-2.09471234e-07,  9.74216675e-09, -1.26592962e-09,
         1.88535104e-08, -2.39643364e-09],
       [-1.58620853e-06, -1.26592962e-09,  1.37478098e-07,
        -2.45068914e-09,  3.10866568e-10],
       [-5.37084052e-06,  1.88535104e-08, -2.45068914e-09,
         1.68966154e-06, -3.86663975e-09],
       [-3.25821978e-06, -2.39643364e-09,  3.10866568e-10,
        -3.86663975e-09,  5.21028051e-07]]), 'ForgettingFactor': 1, 'SSE': array([[16564770.58312256]]), 'Forecast': array([[3.87674794]]), 'N': 151392, 'MSE': array([[109.41714225]]), 'N_MSE': 151392, 'LastObservations': []})
('CB1599', {'BetaVector': array([[-0.33025248],
       [ 1.18303221],
       [-0.05962189],
       [ 0.05045596],
       [-0.03390272]]), 'Variance': array([[ 6.34334027e-05, -4.70641228e-07, -1.55220615e-06,
        -5.09728144e-06, -3.22255097e-06],
       [-4.70641228e-07,  1.14355141e-07, -1.48755018e-08,
         3.20292067e-08, -2.11865856e-08],
       [-1.55220615e-06, -1.48755018e-08,  1.39248628e-07,
        -4.16721219e-09,  2.75545134e-09],
       [-5.09728144e-06,  3.20292067e-08, -4.16721219e-09,
         1.66214623e-06, -5.16299949e-09],
       [-3.22255097e-06, -2.11865856e-08,  2.75545134e-09,
        -5.16299949e-09,  5.24363803e-07]]), 'ForgettingFactor': 1, 'SSE': array([[3473815.84532734]]), 'Forecast': array([[0.70500231]]), 'N': 151392, 'MSE': array([[22.94598652]]), 'N_MSE': 151392, 'LastObservations': []})
('CLW239', {'BetaVector': array([[-0.31990563],
       [ 1.23876243],
       [-0.05179426],
       [ 0.02562947],
       [-0.03442806]]), 'Variance': array([[ 6.27768268e-05, -4.55158121e-07, -1.57176833e-06,
        -5.01517600e-06, -3.24387830e-06],
       [-4.55158121e-07,  1.61800133e-07, -1.48091985e-08,
         1.76724977e-08, -2.34149787e-08],
       [-1.57176833e-06, -1.48091985e-08,  1.38669051e-07,
        -1.61832470e-09,  2.14258578e-09],
       [-5.01517600e-06,  1.76724977e-08, -1.61832470e-09,
         1.65510558e-06, -1.78642934e-09],
       [-3.24387830e-06, -2.34149787e-08,  2.14258578e-09,
        -1.78642934e-09,  5.23827072e-07]]), 'ForgettingFactor': 1, 'SSE': array([[3436042.56752168]]), 'Forecast': array([[-1.56373425]]), 'N': 151392, 'MSE': array([[22.69647844]]), 'N_MSE': 151392, 'LastObservations': []})
('COM205', {'BetaVector': array([[ 0.0527202 ],
       [ 1.10557209],
       [-0.06223981],
       [-0.01245164],
       [-0.01269839]]), 'Variance': array([[ 6.24603197e-05, -2.15363743e-07, -1.57712250e-06,
        -4.94194293e-06, -3.28393350e-06],
       [-2.15363743e-07,  4.81189712e-08, -8.11176167e-09,
        -5.25482547e-09, -5.76747507e-09],
       [-1.57712250e-06, -8.11176167e-09,  1.38681057e-07,
         8.85042644e-10,  9.71730819e-10],
       [-4.94194293e-06, -5.25482547e-09,  8.85042644e-10,
         1.65374917e-06,  1.40089038e-09],
       [-3.28393350e-06, -5.76747507e-09,  9.71730819e-10,
         1.40089038e-09,  5.21129845e-07]]), 'ForgettingFactor': 1, 'SSE': array([[4729348.75188684]]), 'Forecast': array([[0.68220714]]), 'N': 151392, 'MSE': array([[31.23929924]]), 'N_MSE': 151392, 'LastObservations': []})
