('CB2105', {'BetaVector': array([[-0.35242144],
       [ 1.15656384],
       [-0.14402564],
       [ 0.10714864],
       [-0.0487356 ]]), 'Variance': array([[ 6.38602059e-05, -3.15532095e-07, -1.46297898e-06,
        -5.18542909e-06, -3.21134273e-06],
       [-3.15532095e-07,  4.21192058e-08, -2.00828697e-08,
         2.93626288e-08, -1.31355819e-08],
       [-1.46297898e-06, -2.00828697e-08,  1.46889317e-07,
        -1.40012039e-08,  6.26264626e-09],
       [-5.18542909e-06,  2.93626288e-08, -1.40012039e-08,
         1.67364494e-06, -8.38617497e-09],
       [-3.21134273e-06, -1.31355819e-08,  6.26264626e-09,
        -8.38617497e-09,  5.24535115e-07]]), 'ForgettingFactor': 1, 'SSE': array([[7967034.89682649]]), 'Forecast': array([[2.25617012]]), 'N': 151392, 'MSE': array([[52.6255517]]), 'N_MSE': 151392, 'LastObservations': []})
('CEE016', {'BetaVector': array([[-0.45054728],
       [ 1.17988204],
       [-0.10892195],
       [ 0.09646362],
       [-0.04681555]]), 'Variance': array([[ 6.30640212e-05, -2.65622453e-07, -1.52869884e-06,
        -5.11049563e-06, -3.24075572e-06],
       [-2.65622453e-07,  4.50086330e-08, -1.43569935e-08,
         2.45754033e-08, -1.16902401e-08],
       [-1.52869884e-06, -1.43569935e-08,  1.41893237e-07,
        -7.83993961e-09,  3.72845509e-09],
       [-5.11049563e-06,  2.45754033e-08, -7.83993961e-09,
         1.66659387e-06, -5.61199614e-09],
       [-3.24075572e-06, -1.16902401e-08,  3.72845509e-09,
        -5.61199614e-09,  5.23474907e-07]]), 'ForgettingFactor': 1, 'SSE': array([[8380071.36649101]]), 'Forecast': array([[3.0801441]]), 'N': 151392, 'MSE': array([[55.35382795]]), 'N_MSE': 151392, 'LastObservations': []})
