('CB1699', {'BetaVector': array([[-0.13876908],
       [ 1.15745165],
       [-0.04010648],
       [ 0.03962868],
       [-0.02613378]]), 'Variance': array([[ 6.24664883e-05, -3.85799600e-07, -1.56814940e-06,
        -5.06518585e-06, -3.24566821e-06],
       [-3.85799600e-07,  1.53434932e-07, -1.80075535e-08,
         3.96609247e-08, -2.54844233e-08],
       [-1.56814940e-06, -1.80075535e-08,  1.39427015e-07,
        -4.65551837e-09,  2.99038930e-09],
       [-5.06518585e-06,  3.96609247e-08, -4.65551837e-09,
         1.66342715e-06, -5.81633628e-09],
       [-3.24566821e-06, -2.54844233e-08,  2.99038930e-09,
        -5.81633628e-09,  5.24671340e-07]]), 'ForgettingFactor': 1, 'SSE': array([[2150624.79318661]]), 'Forecast': array([[1.2936922]]), 'N': 151392, 'MSE': array([[14.20576384]]), 'N_MSE': 151392, 'LastObservations': []})
('CVT387', {'BetaVector': array([[-0.32736977],
       [ 1.2516777 ],
       [-0.02375696],
       [ 0.03437196],
       [-0.01864149]]), 'Variance': array([[ 6.27673705e-05, -6.12760620e-07, -1.59589087e-06,
        -5.04933016e-06, -3.26439483e-06],
       [-6.12760620e-07,  2.95430517e-07, -8.45514323e-09,
         4.04355328e-08, -2.18655182e-08],
       [-1.59589087e-06, -8.45514323e-09,  1.37555583e-07,
        -1.15805539e-09,  6.25251338e-10],
       [-5.04933016e-06,  4.04355328e-08, -1.15805539e-09,
         1.65870972e-06, -2.22167628e-09],
       [-3.26439483e-06, -2.18655182e-08,  6.25251338e-10,
        -2.22167628e-09,  5.22056882e-07]]), 'ForgettingFactor': 1, 'SSE': array([[1989488.50564328]]), 'Forecast': array([[-0.81597336]]), 'N': 151392, 'MSE': array([[13.14139219]]), 'N_MSE': 151392, 'LastObservations': []})
