('CB1699', {'BetaVector': array([[  9.54335679],
       [ 61.23527862],
       [-29.99020405],
       [-25.69398403],
       [ -2.33732115],
       [  1.08221865],
       [ -0.79508545]]), 'Variance': array([[ 6.63447667e-05,  5.14107640e-08, -1.13365991e-07,
        -3.48459077e-07, -1.62712384e-06, -5.26724408e-06,
        -3.57470547e-06],
       [ 5.14107640e-08,  6.99465991e-07, -3.85336686e-07,
        -2.49019426e-07, -2.63444137e-08,  1.60501027e-08,
        -1.13560352e-08],
       [-1.13365991e-07, -3.85336686e-07,  8.22234004e-07,
        -3.87103827e-07, -7.38359350e-09,  1.31455895e-08,
        -8.67276025e-09],
       [-3.48459077e-07, -2.49019426e-07, -3.87103827e-07,
         6.95351879e-07,  9.16435797e-09,  1.66108359e-08,
        -1.03472525e-08],
       [-1.62712384e-06, -2.63444137e-08, -7.38359350e-09,
         9.16435797e-09,  1.46850823e-07, -6.40659342e-09,
         4.29241634e-09],
       [-5.26724408e-06,  1.60501027e-08,  1.31455895e-08,
         1.66108359e-08, -6.40659342e-09,  1.73018232e-06,
        -6.44849758e-09],
       [-3.57470547e-06, -1.13560352e-08, -8.67276025e-09,
        -1.03472525e-08,  4.29241634e-09, -6.44849758e-09,
         5.76398227e-07]]), 'ForgettingFactor': 1, 'SSE': array([[4.62550277e+09]]), 'Forecast': array([[-154.72223816]]), 'N': 145630, 'MSE': array([[31762.23667684]]), 'N_MSE': 145630, 'LastObservations': [('2023-03-31', 95, 4, 19, 'CB1699', 151391, 23, 4, 3), ('2023-03-31', 96, 2, 13, 'CB1699', 151392, 24, 4, 3)]})
('CVT387', {'BetaVector': array([[ -0.65418951],
       [ 72.68428508],
       [-38.05068006],
       [-25.30003271],
       [ -1.71522704],
       [  1.15788876],
       [ -0.63918878]]), 'Variance': array([[ 6.67337795e-05, -7.17973802e-08, -1.90542748e-07,
        -4.34625932e-07, -1.65241257e-06, -5.25612017e-06,
        -3.59291318e-06],
       [-7.17973802e-08,  9.33816546e-07, -5.16204077e-07,
        -2.89162561e-07, -2.11684696e-08,  1.78433107e-08,
        -9.84486843e-09],
       [-1.90542748e-07, -5.16204077e-07,  1.12889587e-06,
        -5.17100011e-07, -4.09426037e-09,  1.33037713e-08,
        -7.32031134e-09],
       [-4.34625932e-07, -2.89162561e-07, -5.17100011e-07,
         9.31448772e-07,  1.03480307e-08,  1.75908786e-08,
        -9.58737948e-09],
       [-1.65241257e-06, -2.11684696e-08, -4.09426037e-09,
         1.03480307e-08,  1.43790084e-07, -2.06244595e-09,
         1.15042307e-09],
       [-5.25612017e-06,  1.78433107e-08,  1.33037713e-08,
         1.75908786e-08, -2.06244595e-09,  1.72493212e-06,
        -2.19143175e-09],
       [-3.59291318e-06, -9.84486843e-09, -7.32031134e-09,
        -9.58737948e-09,  1.15042307e-09, -2.19143175e-09,
         5.73148724e-07]]), 'ForgettingFactor': 1, 'SSE': array([[5.09262875e+09]]), 'Forecast': array([[33.57863523]]), 'N': 145630, 'MSE': array([[34969.88067151]]), 'N_MSE': 145630, 'LastObservations': [('2023-03-31', 95, 0, -1, 'CVT387', 151391, 23, 4, 3), ('2023-03-31', 96, 0, -1, 'CVT387', 151392, 24, 4, 3)]})
