('CJE181', {'BetaVector': array([[-1.49810986e-02],
       [ 8.34319781e-01],
       [ 2.86224224e+01],
       [-2.59377737e+01],
       [-3.39151804e-01],
       [ 2.34649815e-01],
       [-1.39028514e-01]]), 'Variance': array([[ 6.66778285e-05, -1.55751736e-07, -3.59516403e-07,
        -6.37605420e-07, -1.63892273e-06, -5.27015721e-06,
        -3.58289833e-06],
       [-1.55751736e-07,  1.92083209e-06, -8.64204193e-07,
        -7.12640033e-07, -3.33555930e-08,  3.24492335e-08,
        -1.89204177e-08],
       [-3.59516403e-07, -8.64204193e-07,  2.04297616e-06,
        -8.67600192e-07, -1.17514046e-08,  3.00717470e-08,
        -1.71138291e-08],
       [-6.37605420e-07, -7.12640033e-07, -8.67600192e-07,
         1.91370728e-06,  8.72181710e-09,  3.28399136e-08,
        -1.83377024e-08],
       [-1.63892273e-06, -3.33555930e-08, -1.17514046e-08,
         8.72181710e-09,  1.44419815e-07, -3.48207816e-09,
         2.00891318e-09],
       [-5.27015721e-06,  3.24492335e-08,  3.00717470e-08,
         3.28399136e-08, -3.48207816e-09,  1.72732896e-06,
        -3.70247197e-09],
       [-3.58289833e-06, -1.89204177e-08, -1.71138291e-08,
        -1.83377024e-08,  2.00891318e-09, -3.70247197e-09,
         5.74089666e-07]]), 'ForgettingFactor': 1, 'SSE': array([[4.74556965e+08]]), 'Forecast': array([[-33.57088435]]), 'N': 145630, 'MSE': array([[3258.67076538]]), 'N_MSE': 145630, 'LastObservations': [('2023-03-31', 95, 0, -1, 'CJE181', 151391, 23, 4, 3), ('2023-03-31', 96, 1, 4, 'CJE181', 151392, 24, 4, 3)]})
