('CB1142', {'BetaVector': array([[-616.0111997 ],
       [ 626.35099996],
       [-877.77760426],
       [ 298.48651936],
       [ -40.81081827],
       [  90.15191674],
       [ -11.33050252]]), 'Variance': array([[ 7.03010236e-05, -6.14794154e-08,  2.38300915e-08,
        -1.91993769e-07, -1.63764809e-06, -5.61479013e-06,
        -3.58986729e-06],
       [-6.14794154e-08,  7.27951826e-08, -7.56304954e-08,
         8.83623045e-09, -6.89724570e-09,  1.16710420e-08,
        -1.47245995e-09],
       [ 2.38300915e-08, -7.56304954e-08,  1.50272383e-07,
        -7.56332186e-08, -2.89508279e-11, -1.92071701e-09,
         2.48692165e-10],
       [-1.91993769e-07,  8.83623045e-09, -7.56332186e-08,
         7.26108403e-08,  4.48784962e-09,  1.17194177e-08,
        -1.43567789e-09],
       [-1.63764809e-06, -6.89724570e-09, -2.89508279e-11,
         4.48784962e-09,  1.44307244e-07, -4.78318671e-09,
         6.06094940e-10],
       [-5.61479013e-06,  1.16710420e-08, -1.92071701e-09,
         1.17194177e-08, -4.78318671e-09,  1.76071978e-06,
        -3.73326290e-09],
       [-3.58986729e-06, -1.47245995e-09,  2.48692165e-10,
        -1.43567789e-09,  6.06094940e-10, -3.73326290e-09,
         5.71752806e-07]]), 'ForgettingFactor': 1, 'SSE': array([[3.62972398e+12]]), 'Forecast': array([[1020.48662437]]), 'N': 145630, 'MSE': array([[24924458.61721209]]), 'N_MSE': 145630, 'LastObservations': [('2023-03-31', 95, 3, 17, 'CB1142', 151391, 23, 4, 3), ('2023-03-31', 96, 6, 20, 'CB1142', 151392, 24, 4, 3)]})
('CB1599', {'BetaVector': array([[  4.16702699],
       [ 61.7439629 ],
       [-44.9779786 ],
       [ -9.94896122],
       [ -3.22037123],
       [  1.54334328],
       [ -1.11781917]]), 'Variance': array([[ 6.74577987e-05, -7.54494291e-09, -1.32429581e-07,
        -3.81742462e-07, -1.60265708e-06, -5.30726860e-06,
        -3.54604883e-06],
       [-7.54494291e-09,  4.54126422e-07, -2.67274478e-07,
        -1.34901042e-07, -2.50101543e-08,  1.40584395e-08,
        -9.99258992e-09],
       [-1.32429581e-07, -2.67274478e-07,  5.70590817e-07,
        -2.68651355e-07, -5.99238973e-09,  9.94295267e-09,
        -6.66374327e-09],
       [-3.81742462e-07, -1.34901042e-07, -2.68651355e-07,
         4.50452291e-07,  9.01515595e-09,  1.38809636e-08,
        -9.00204413e-09],
       [-1.60265708e-06, -2.50101543e-08, -5.99238973e-09,
         9.01515595e-09,  1.47309590e-07, -6.18659711e-09,
         4.23377447e-09],
       [-5.30726860e-06,  1.40584395e-08,  9.94295267e-09,
         1.38809636e-08, -6.18659711e-09,  1.72887997e-06,
        -5.73788262e-09],
       [-3.54604883e-06, -9.99258992e-09, -6.66374327e-09,
        -9.00204413e-09,  4.23377447e-09, -5.73788262e-09,
         5.76030243e-07]]), 'ForgettingFactor': 1, 'SSE': array([[6.5335134e+09]]), 'Forecast': array([[-180.15584652]]), 'N': 145630, 'MSE': array([[44864.09572054]]), 'N_MSE': 145630, 'LastObservations': [('2023-03-31', 95, 2, 19, 'CB1599', 151391, 23, 4, 3), ('2023-03-31', 96, 2, 20, 'CB1599', 151392, 24, 4, 3)]})
('CLW239', {'BetaVector': array([[  2.46626316],
       [ 35.4968371 ],
       [-34.60553228],
       [  2.92044733],
       [ -1.16870963],
       [  0.29135697],
       [ -0.42400142]]), 'Variance': array([[ 6.67221121e-05,  6.36233929e-10, -1.41693241e-07,
        -3.65438032e-07, -1.62612209e-06, -5.21386965e-06,
        -3.57007991e-06],
       [ 6.36233929e-10,  5.41144595e-07, -2.99341080e-07,
        -1.69365353e-07, -2.47936494e-08,  7.60918201e-09,
        -1.09008613e-08],
       [-1.41693241e-07, -2.99341080e-07,  6.52618252e-07,
        -3.00673440e-07, -5.94992996e-09,  5.69071842e-09,
        -7.91395210e-09],
       [-3.65438032e-07, -1.69365353e-07, -3.00673440e-07,
         5.37379323e-07,  7.98028067e-09,  7.55810242e-09,
        -1.01367779e-08],
       [-1.62612209e-06, -2.47936494e-08, -5.94992996e-09,
         7.98028067e-09,  1.46174075e-07, -2.44017359e-09,
         3.43336413e-09],
       [-5.21386965e-06,  7.60918201e-09,  5.69071842e-09,
         7.55810242e-09, -2.44017359e-09,  1.72039186e-06,
        -1.59678450e-09],
       [-3.57007991e-06, -1.09008613e-08, -7.91395210e-09,
        -1.01367779e-08,  3.43336413e-09, -1.59678450e-09,
         5.75456267e-07]]), 'ForgettingFactor': 1, 'SSE': array([[1.48675928e+09]]), 'Forecast': array([[-25.68934434]]), 'N': 145630, 'MSE': array([[10209.22535383]]), 'N_MSE': 145630, 'LastObservations': [('2023-03-31', 95, 0, -1, 'CLW239', 151391, 23, 4, 3), ('2023-03-31', 96, 0, -1, 'CLW239', 151392, 24, 4, 3)]})
('COM205', {'BetaVector': array([[ -55.88379397],
       [-194.41526577],
       [ 189.07101855],
       [  -0.46868228],
       [   8.56985429],
       [   1.08611206],
       [   0.78528405]]), 'Variance': array([[ 6.63686044e-05,  1.11369760e-07, -6.11095380e-08,
        -2.68718937e-07, -1.64536477e-06, -5.13107787e-06,
        -3.62117840e-06],
       [ 1.11369760e-07,  3.25909781e-07, -1.85842084e-07,
        -1.19980972e-07, -2.07753338e-08, -2.99658111e-09,
        -2.31322130e-09],
       [-6.11095380e-08, -1.85842084e-07,  3.87266195e-07,
        -1.86582713e-07, -3.22487566e-09, -1.91720439e-09,
        -1.70378220e-09],
       [-2.68718937e-07, -1.19980972e-07, -1.86582713e-07,
         3.24080835e-07,  1.28169549e-08, -1.83429180e-09,
        -2.01494660e-09],
       [-1.64536477e-06, -2.07753338e-08, -3.22487566e-09,
         1.28169549e-08,  1.46362023e-07,  1.48625274e-09,
         1.29412243e-09],
       [-5.13107787e-06, -2.99658111e-09, -1.91720439e-09,
        -1.83429180e-09,  1.48625274e-09,  1.71899931e-06,
         2.31826020e-09],
       [-3.62117840e-06, -2.31322130e-09, -1.70378220e-09,
        -2.01494660e-09,  1.29412243e-09,  2.31826020e-09,
         5.71793108e-07]]), 'ForgettingFactor': 1, 'SSE': array([[7.32858881e+10]]), 'Forecast': array([[-427.69015245]]), 'N': 145630, 'MSE': array([[503236.91111091]]), 'N_MSE': 145630, 'LastObservations': [('2023-03-31', 95, 0, -1, 'COM205', 151391, 23, 4, 3), ('2023-03-31', 96, 2, 13, 'COM205', 151392, 24, 4, 3)]})
