('CB02411', {'BetaVector': array([[  17.53123716],
       [ 458.25231182],
       [-480.95522586],
       [  49.91388525],
       [ -46.22952756],
       [  30.81171748],
       [  -8.46215772]]), 'Variance': array([[ 6.93082178e-05,  1.27351455e-08, -4.46008894e-08,
        -2.01915773e-07, -1.61884352e-06, -5.44067443e-06,
        -3.57097503e-06],
       [ 1.27351455e-08,  8.90554310e-08, -6.34861084e-08,
        -1.94649193e-08, -1.15076929e-08,  7.19780203e-09,
        -1.96793534e-09],
       [-4.46008894e-08, -6.34861084e-08,  1.29976205e-07,
        -6.36325116e-08, -1.11305701e-09,  3.47994889e-09,
        -9.19535877e-10],
       [-2.01915773e-07, -1.94649193e-08, -6.36325116e-08,
         8.85655727e-08,  7.78075468e-09,  6.70224892e-09,
        -1.76218616e-09],
       [-1.61884352e-06, -1.15076929e-08, -1.11305701e-09,
         7.78075468e-09,  1.46054222e-07, -5.78916878e-09,
         1.56738845e-09],
       [-5.44067443e-06,  7.19780203e-09,  3.47994889e-09,
         6.70224892e-09, -5.78916878e-09,  1.73906351e-06,
        -4.05802589e-09],
       [-3.57097503e-06, -1.96793534e-09, -9.19535877e-10,
        -1.76218616e-09,  1.56738845e-09, -4.05802589e-09,
         5.72597554e-07]]), 'ForgettingFactor': 1, 'SSE': array([[1.69215067e+12]]), 'Forecast': array([[-2641.15753358]]), 'N': 145630, 'MSE': array([[11619599.56787227]]), 'N_MSE': 145630, 'LastObservations': [('2023-03-31', 95, 5, 19, 'CB02411', 151391, 23, 4, 3), ('2023-03-31', 96, 6, 21, 'CB02411', 151392, 24, 4, 3)]})
