('CB1143', {'BetaVector': array([[-304.28925993],
       [ 259.63311092],
       [ -68.28067566],
       [-124.87645789],
       [ -70.22835993],
       [  99.98036413],
       [ -15.01500471]]), 'Variance': array([[ 6.68913496e-05, -4.19513413e-08, -3.34278321e-08,
        -7.76234725e-08, -1.58910640e-06, -5.39644341e-06,
        -3.61088135e-06],
       [-4.19513413e-08,  2.47680277e-08, -1.48383857e-08,
        -4.05060492e-09, -5.03098741e-09,  8.97005649e-09,
        -1.35770841e-09],
       [-3.34278321e-08, -1.48383857e-08,  3.29663950e-08,
        -1.48797750e-08, -1.93069888e-09,  5.05364274e-09,
        -7.53169421e-10],
       [-7.76234725e-08, -4.05060492e-09, -1.48797750e-08,
         2.46217862e-08, -1.79146483e-09,  8.97199660e-09,
        -1.31947104e-09],
       [-1.58910640e-06, -5.03098741e-09, -1.93069888e-09,
        -1.79146483e-09,  1.48090828e-07, -1.35508059e-08,
         2.03375720e-09],
       [-5.39644341e-06,  8.97005649e-09,  5.05364274e-09,
         8.97199660e-09, -1.35508059e-08,  1.75381660e-06,
        -3.78112588e-09],
       [-3.61088135e-06, -1.35770841e-09, -7.53169421e-10,
        -1.31947104e-09,  2.03375720e-09, -3.78112588e-09,
         5.71893434e-07]]), 'ForgettingFactor': 1, 'SSE': array([[5.06743497e+12]]), 'Forecast': array([[-1245.91778663]]), 'N': 145630, 'MSE': array([[34796880.89990631]]), 'N_MSE': 145630, 'LastObservations': [('2023-03-31', 95, 6, 20, 'CB1143', 151391, 23, 4, 3), ('2023-03-31', 96, 4, 27, 'CB1143', 151392, 24, 4, 3)]})
('CEK049', {'BetaVector': array([[  10.16165867],
       [ 489.79315891],
       [-518.01772187],
       [  59.64725983],
       [ -45.50807923],
       [  30.78064694],
       [  -8.3855201 ]]), 'Variance': array([[ 6.88613213e-05,  1.36295669e-08, -6.80293337e-08,
        -2.51573030e-07, -1.52529225e-06, -5.49592544e-06,
        -3.56255908e-06],
       [ 1.36295669e-08,  1.54622892e-07, -1.03724849e-07,
        -3.86898362e-08, -1.90911778e-08,  1.23973482e-08,
        -3.35508186e-09],
       [-6.80293337e-08, -1.03724849e-07,  2.14163567e-07,
        -1.04291629e-07, -3.38406872e-09,  6.77901318e-09,
        -1.67485174e-09],
       [-2.51573030e-07, -3.86898362e-08, -1.04291629e-07,
         1.52574854e-07,  6.86709723e-09,  1.14797378e-08,
        -2.62084104e-09],
       [-1.52529225e-06, -1.90911778e-08, -3.38406872e-09,
         6.86709723e-09,  1.53028248e-07, -1.69793583e-08,
         4.28159789e-09],
       [-5.49592544e-06,  1.23973482e-08,  6.77901318e-09,
         1.14797378e-08, -1.69793583e-08,  1.75176596e-06,
        -6.84968398e-09],
       [-3.56255908e-06, -3.35508186e-09, -1.67485174e-09,
        -2.62084104e-09,  4.28159789e-09, -6.84968398e-09,
         5.73193700e-07]]), 'ForgettingFactor': 1, 'SSE': array([[1.0585286e+12]]), 'Forecast': array([[611.00404886]]), 'N': 145630, 'MSE': array([[7268666.27811708]]), 'N_MSE': 145630, 'LastObservations': [('2023-03-31', 95, 4, 21, 'CEK049', 151391, 23, 4, 3), ('2023-03-31', 96, 4, 22, 'CEK049', 151392, 24, 4, 3)]})
('CEK31', {'BetaVector': array([[ -11.28607447],
       [  81.36258283],
       [-106.45767464],
       [  30.61202879],
       [  -2.97408338],
       [   3.98742205],
       [  -0.61835893]]), 'Variance': array([[ 6.69931999e-05,  3.13652372e-09, -9.74051432e-09,
        -2.00739538e-07, -1.64070072e-06, -5.34703534e-06,
        -3.61797518e-06],
       [ 3.13652372e-09,  2.26433958e-07, -2.08066111e-07,
        -5.30920461e-09, -1.16161938e-08,  1.14186666e-08,
        -1.78095217e-09],
       [-9.74051432e-09, -2.08066111e-07,  4.17418984e-07,
        -2.08099196e-07, -2.75558750e-10,  1.15014885e-09,
        -1.68354965e-10],
       [-2.00739538e-07, -5.30920461e-09, -2.08099196e-07,
         2.25772668e-07,  6.14110609e-09,  1.15994574e-08,
        -1.69481807e-09],
       [-1.64070072e-06, -1.16161938e-08, -2.75558750e-10,
         6.14110609e-09,  1.44659755e-07, -5.16268995e-09,
         7.93017229e-10],
       [-5.34703534e-06,  1.14186666e-08,  1.15014885e-09,
         1.15994574e-08, -5.16268995e-09,  1.74002749e-06,
        -1.75936169e-09],
       [-3.61797518e-06, -1.78095217e-09, -1.68354965e-10,
        -1.69481807e-09,  7.93017229e-10, -1.75936169e-09,
         5.71597150e-07]]), 'ForgettingFactor': 1, 'SSE': array([[2.11641185e+10]]), 'Forecast': array([[166.41363303]]), 'N': 145630, 'MSE': array([[145329.01051251]]), 'N_MSE': 145630, 'LastObservations': [('2023-03-31', 95, 2, 15, 'CEK31', 151391, 23, 4, 3), ('2023-03-31', 96, 4, 20, 'CEK31', 151392, 24, 4, 3)]})
('CJM90', {'BetaVector': array([[   8.02013007],
       [ 498.02003988],
       [-575.89716395],
       [ 105.02652689],
       [ -74.26371705],
       [  45.95858783],
       [ -10.03324371]]), 'Variance': array([[ 6.97358854e-05,  1.79458349e-08, -1.83163573e-08,
        -1.77278694e-07, -1.55190041e-06, -5.48858233e-06,
        -3.57795032e-06],
       [ 1.79458349e-08,  6.27260888e-08, -5.12664796e-08,
        -7.70987202e-09, -1.20615814e-08,  6.53341143e-09,
        -1.43851940e-09],
       [-1.83163573e-08, -5.12664796e-08,  1.03651644e-07,
        -5.14145109e-08, -1.19941035e-09,  1.82086200e-09,
        -3.76192507e-10],
       [-1.77278694e-07, -7.70987202e-09, -5.14145109e-08,
         6.20609950e-08,  6.66263651e-09,  5.80780565e-09,
        -1.13106573e-09],
       [-1.55190041e-06, -1.20615814e-08, -1.19941035e-09,
         6.66263651e-09,  1.50755856e-07, -1.20875932e-08,
         2.54560546e-09],
       [-5.48858233e-06,  6.53341143e-09,  1.82086200e-09,
         5.80780565e-09, -1.20875932e-08,  1.74432820e-06,
        -3.90628707e-09],
       [-3.57795032e-06, -1.43851940e-09, -3.76192507e-10,
        -1.13106573e-09,  2.54560546e-09, -3.90628707e-09,
         5.72232638e-07]]), 'ForgettingFactor': 1, 'SSE': array([[2.87701596e+12]]), 'Forecast': array([[-3808.42333459]]), 'N': 145630, 'MSE': array([[19755790.11178154]]), 'N_MSE': 145630, 'LastObservations': [('2023-03-31', 95, 16, 19, 'CJM90', 151391, 23, 4, 3), ('2023-03-31', 96, 10, 17, 'CJM90', 151392, 24, 4, 3)]})
