('CB1101', {'BetaVector': array([[ -8.32520452],
       [ 46.6686905 ],
       [-69.75581098],
       [ 25.67111459],
       [ -0.28613503],
       [  0.39174176],
       [  1.10842168]]), 'Variance': array([[ 6.74695598e-05, -1.23186219e-07,  2.11987607e-08,
        -2.34838477e-07, -1.65107706e-06, -5.24678022e-06,
        -3.88093043e-06],
       [-1.23186219e-07,  6.79299007e-07, -6.99123085e-07,
         4.74422187e-08, -6.76549294e-09,  6.45585556e-09,
         1.93381922e-08],
       [ 2.11987607e-08, -6.99123085e-07,  1.39551740e-06,
        -6.99127785e-07, -8.03485848e-11, -6.43408649e-10,
        -1.94096215e-09],
       [-2.34838477e-07,  4.74422187e-08, -6.99127785e-07,
         6.79025755e-07,  2.62834293e-09,  7.80578405e-09,
         1.89839685e-08],
       [-1.65107706e-06, -6.76549294e-09, -8.03485848e-11,
         2.62834293e-09,  1.43160374e-07, -1.07279581e-09,
        -2.93141407e-09],
       [-5.24678022e-06,  6.45585556e-09, -6.43408649e-10,
         7.80578405e-09, -1.07279581e-09,  1.72168298e-06,
         1.10287646e-08],
       [-3.88093043e-06,  1.93381922e-08, -1.94096215e-09,
         1.89839685e-08, -2.93141407e-09,  1.10287646e-08,
         5.96443459e-07]]), 'ForgettingFactor': 1, 'SSE': array([[2.02725982e+09]]), 'Forecast': array([[367.89167596]]), 'N': 145630, 'MSE': array([[13920.71511308]]), 'N_MSE': 145630, 'LastObservations': [('2023-03-31', 95, 10, 20, 'CB1101', 151391, 23, 4, 3), ('2023-03-31', 96, 11, 14, 'CB1101', 151392, 24, 4, 3)]})
('CEK18', {'BetaVector': array([[-188.01476391],
       [ 431.53671306],
       [-572.66164793],
       [ 176.74700904],
       [ -14.09616249],
       [  19.89442884],
       [  -3.60659576]]), 'Variance': array([[ 6.83991848e-05, -7.09051551e-08, -3.89834412e-09,
        -2.49963899e-07, -1.65898120e-06, -5.34941920e-06,
        -3.61247399e-06],
       [-7.09051551e-08,  1.85788419e-07, -1.72952057e-07,
         4.42393701e-09, -8.98021766e-09,  9.94880688e-09,
        -1.79157012e-09],
       [-3.89834412e-09, -1.72952057e-07,  3.46622274e-07,
        -1.72979701e-07, -2.58807784e-10,  3.68757264e-10,
        -7.63536342e-11],
       [-2.49963899e-07,  4.42393701e-09, -1.72979701e-07,
         1.85518941e-07,  6.42541112e-09,  1.01521809e-08,
        -1.76843851e-09],
       [-1.65898120e-06, -8.98021766e-09, -2.58807784e-10,
         6.42541112e-09,  1.43629823e-07, -1.61712170e-09,
         3.00502999e-10],
       [-5.34941920e-06,  9.94880688e-09,  3.68757264e-10,
         1.01521809e-08, -1.61712170e-09,  1.73013189e-06,
        -5.89839540e-10],
       [-3.61247399e-06, -1.79157012e-09, -7.63536342e-11,
        -1.76843851e-09,  3.00502999e-10, -5.89839540e-10,
         5.71478082e-07]]), 'ForgettingFactor': 1, 'SSE': array([[6.74233007e+11]]), 'Forecast': array([[617.87777367]]), 'N': 145630, 'MSE': array([[4629799.05498677]]), 'N_MSE': 145630, 'LastObservations': [('2023-03-31', 95, 1, 11, 'CEK18', 151391, 23, 4, 3), ('2023-03-31', 96, 2, 11, 'CEK18', 151392, 24, 4, 3)]})
('CEV011', {'BetaVector': array([[  10.57754642],
       [-109.87158189],
       [ 134.66268362],
       [ -30.97088034],
       [   1.35020267],
       [  -2.50312251],
       [   0.80761305]]), 'Variance': array([[ 6.79238482e-05, -1.09834815e-07, -1.53133415e-07,
        -4.60263865e-07, -1.67501346e-06, -5.41154670e-06,
        -3.56488905e-06],
       [-1.09834815e-07,  7.35788990e-07, -4.95190354e-07,
        -1.60203074e-07, -1.58418621e-08,  2.79784325e-08,
        -9.04291241e-09],
       [-1.53133415e-07, -4.95190354e-07,  1.03389848e-06,
        -4.95307245e-07, -5.78821033e-10,  1.51695684e-08,
        -4.88775350e-09],
       [-4.60263865e-07, -1.60203074e-07, -4.95307245e-07,
         7.35427631e-07,  1.40820961e-08,  2.80255976e-08,
        -9.00068372e-09],
       [-1.67501346e-06, -1.58418621e-08, -5.78821033e-10,
         1.40820961e-08,  1.43276672e-07, -7.97049459e-10,
         2.70841436e-10],
       [-5.41154670e-06,  2.79784325e-08,  1.51695684e-08,
         2.80255976e-08, -7.97049459e-10,  1.74299696e-06,
        -6.46963298e-09],
       [-3.56488905e-06, -9.04291241e-09, -4.88775350e-09,
        -9.00068372e-09,  2.70841436e-10, -6.46963298e-09,
         5.73680650e-07]]), 'ForgettingFactor': 1, 'SSE': array([[1.1094705e+10]]), 'Forecast': array([[-26.54900112]]), 'N': 145630, 'MSE': array([[76184.72303192]]), 'N_MSE': 145630, 'LastObservations': [('2023-03-31', 95, 0, -1, 'CEV011', 151391, 23, 4, 3), ('2023-03-31', 96, 2, 19, 'CEV011', 151392, 24, 4, 3)]})
